patchx=0; patchy=0;
housenumber=65535;//Non house tiles
BTset(1280,256,1);
BTset(1281,256,60);
BTset(1282,256,71);
BTset(1283,256,86);
BTset(1284,256,108);
BTset(1285,256,88);
BTset(1286,256,84);
BTset(1287,256,84);
BTset(1288,256,89);
BTset(1289,256,108);
BTset(1290,256,108);
BTset(1291,256,111);
BTset(1292,256,88);
BTset(1293,256,84);
BTset(1294,256,84);
BTset(1295,256,84);
BTset(1296,256,89);
BTset(1297,256,108);
BTset(1298,256,108);
BTset(1299,256,111);
BTset(1300,256,88);
BTset(1301,256,84);
BTset(1302,256,84);
BTset(1303,256,84);
BTset(1304,256,84);
BTset(1305,256,84);
BTset(1306,256,85);
BTset(1307,256,60);
BTset(1308,256,83);
BTset(1309,256,84);
BTset(1310,256,84);
BTset(1311,256,84);
BTset(1312,256,89);
BTset(1313,256,108);
BTset(1314,256,108);
BTset(1315,256,111);
BTset(1316,256,88);
BTset(1317,256,84);
BTset(1318,256,84);
BTset(1319,256,84);
BTset(1320,256,89);
BTset(1321,256,108);
BTset(1322,256,108);
BTset(1323,256,111);
BTset(1324,256,88);
BTset(1325,256,84);
BTset(1326,256,84);
BTset(1327,256,84);
BTset(1328,256,84);
BTset(1329,256,84);
BTset(1330,256,85);
BTset(1331,256,60);
BTset(1332,256,83);
BTset(1333,256,84);
BTset(1334,256,84);
BTset(1335,256,84);
BTset(1336,256,89);
BTset(1337,256,108);
BTset(1338,256,108);
BTset(1339,256,111);
BTset(1340,256,88);
BTset(1341,256,84);
BTset(1342,256,84);
BTset(1343,256,84);
BTset(1344,256,89);
BTset(1345,256,108);
BTset(1346,256,108);
BTset(1347,256,111);
BTset(1348,256,88);
BTset(1349,256,84);
BTset(1350,256,84);
BTset(1280,257,78);
BTset(1281,257,1);
BTset(1282,257,80);
BTset(1283,257,91);
BTset(1284,257,108);
BTset(1285,257,87);
BTset(1286,257,71);
BTset(1287,257,63);
BTset(1288,257,83);
BTset(1289,257,84);
BTset(1290,257,84);
BTset(1291,257,84);
BTset(1292,257,85);
BTset(1293,257,64);
BTset(1294,257,65);
BTset(1295,257,93);
BTset(1296,257,83);
BTset(1297,257,84);
BTset(1298,257,84);
BTset(1299,257,84);
BTset(1300,257,85);
BTset(1301,257,64);
BTset(1302,257,65);
BTset(1303,257,93);
BTset(1304,257,75);
BTset(1305,257,74);
BTset(1306,257,61);
BTset(1307,257,3);
BTset(1308,257,59);
BTset(1309,257,60);
BTset(1310,257,58);
BTset(1311,257,74);
BTset(1312,257,83);
BTset(1313,257,84);
BTset(1314,257,84);
BTset(1315,257,84);
BTset(1316,257,85);
BTset(1317,257,64);
BTset(1318,257,65);
BTset(1319,257,93);
BTset(1320,257,83);
BTset(1321,257,84);
BTset(1322,257,84);
BTset(1323,257,84);
BTset(1324,257,85);
BTset(1325,257,64);
BTset(1326,257,65);
BTset(1327,257,93);
BTset(1328,257,75);
BTset(1329,257,74);
BTset(1330,257,61);
BTset(1331,257,3);
BTset(1332,257,59);
BTset(1333,257,60);
BTset(1334,257,58);
BTset(1335,257,74);
BTset(1336,257,83);
BTset(1337,257,84);
BTset(1338,257,84);
BTset(1339,257,84);
BTset(1340,257,85);
BTset(1341,257,64);
BTset(1342,257,65);
BTset(1343,257,93);
BTset(1344,257,83);
BTset(1345,257,84);
BTset(1346,257,84);
BTset(1347,257,84);
BTset(1348,257,85);
BTset(1349,257,64);
BTset(1350,257,65);
BTset(1280,258,1);
BTset(1281,258,93);
BTset(1282,258,86);
BTset(1283,258,108);
BTset(1284,258,88);
BTset(1285,258,85);
BTset(1286,258,78);
BTset(1287,258,63);
BTset(1288,258,93);
BTset(1289,258,52);
BTset(1290,258,55);
BTset(1291,258,63);
BTset(1292,258,92);
BTset(1293,258,66);
BTset(1294,258,67);
BTset(1295,258,1);
BTset(1296,258,93);
BTset(1297,258,52);
BTset(1298,258,55);
BTset(1299,258,63);
BTset(1300,258,92);
BTset(1301,258,66);
BTset(1302,258,67);
BTset(1303,258,1);
BTset(1304,258,73);
BTset(1305,258,57);
BTset(1306,258,3);
BTset(1307,258,4);
BTset(1308,258,5);
BTset(1309,258,3);
BTset(1310,258,52);
BTset(1311,258,1);
BTset(1312,258,93);
BTset(1313,258,52);
BTset(1314,258,55);
BTset(1315,258,63);
BTset(1316,258,92);
BTset(1317,258,66);
BTset(1318,258,67);
BTset(1319,258,1);
BTset(1320,258,93);
BTset(1321,258,52);
BTset(1322,258,55);
BTset(1323,258,63);
BTset(1324,258,92);
BTset(1325,258,66);
BTset(1326,258,67);
BTset(1327,258,1);
BTset(1328,258,73);
BTset(1329,258,57);
BTset(1330,258,3);
BTset(1331,258,4);
BTset(1332,258,5);
BTset(1333,258,3);
BTset(1334,258,52);
BTset(1335,258,1);
BTset(1336,258,93);
BTset(1337,258,52);
BTset(1338,258,55);
BTset(1339,258,63);
BTset(1340,258,92);
BTset(1341,258,66);
BTset(1342,258,67);
BTset(1343,258,1);
BTset(1344,258,93);
BTset(1345,258,52);
BTset(1346,258,55);
BTset(1347,258,63);
BTset(1348,258,92);
BTset(1349,258,66);
BTset(1350,258,67);
BTset(1280,259,93);
BTset(1281,259,92);
BTset(1282,259,86);
BTset(1283,259,108);
BTset(1284,259,87);
BTset(1285,259,93);
BTset(1286,259,60);
BTset(1287,259,61);
BTset(1288,259,55);
BTset(1289,259,54);
BTset(1290,259,1);
BTset(1291,259,57);
BTset(1292,259,55);
BTset(1293,259,93);
BTset(1294,259,1);
BTset(1295,259,1);
BTset(1296,259,55);
BTset(1297,259,54);
BTset(1298,259,1);
BTset(1299,259,57);
BTset(1300,259,55);
BTset(1301,259,93);
BTset(1302,259,1);
BTset(1303,259,1);
BTset(1304,259,1);
BTset(1305,259,93);
BTset(1306,259,57);
BTset(1307,259,55);
BTset(1308,259,55);
BTset(1309,259,55);
BTset(1310,259,54);
BTset(1311,259,93);
BTset(1312,259,55);
BTset(1313,259,54);
BTset(1314,259,1);
BTset(1315,259,57);
BTset(1316,259,55);
BTset(1317,259,93);
BTset(1318,259,1);
BTset(1319,259,1);
BTset(1320,259,55);
BTset(1321,259,54);
BTset(1322,259,1);
BTset(1323,259,57);
BTset(1324,259,55);
BTset(1325,259,93);
BTset(1326,259,1);
BTset(1327,259,1);
BTset(1328,259,1);
BTset(1329,259,93);
BTset(1330,259,57);
BTset(1331,259,55);
BTset(1332,259,55);
BTset(1333,259,55);
BTset(1334,259,54);
BTset(1335,259,93);
BTset(1336,259,55);
BTset(1337,259,54);
BTset(1338,259,1);
BTset(1339,259,57);
BTset(1340,259,55);
BTset(1341,259,93);
BTset(1342,259,1);
BTset(1343,259,1);
BTset(1344,259,55);
BTset(1345,259,54);
BTset(1346,259,1);
BTset(1347,259,57);
BTset(1348,259,55);
BTset(1349,259,93);
BTset(1350,259,1);
BTset(1280,260,75);
BTset(1281,260,74);
BTset(1282,260,86);
BTset(1283,260,108);
BTset(1284,260,87);
BTset(1285,260,78);
BTset(1286,260,77);
BTset(1287,260,76);
BTset(1288,260,1);
BTset(1289,260,1);
BTset(1290,260,1);
BTset(1291,260,1);
BTset(1292,260,1);
BTset(1293,260,104);
BTset(1294,260,100);
BTset(1295,260,100);
BTset(1296,260,100);
BTset(1297,260,105);
BTset(1298,260,1);
BTset(1299,260,70);
BTset(1300,260,1);
BTset(1301,260,1);
BTset(1302,260,70);
BTset(1303,260,104);
BTset(1304,260,100);
BTset(1305,260,105);
BTset(1306,260,1);
BTset(1307,260,70);
BTset(1308,260,1);
BTset(1309,260,1);
BTset(1310,260,70);
BTset(1311,260,104);
BTset(1312,260,100);
BTset(1313,260,105);
BTset(1314,260,1);
BTset(1315,260,70);
BTset(1316,260,1);
BTset(1317,260,1);
BTset(1318,260,70);
BTset(1319,260,104);
BTset(1320,260,100);
BTset(1321,260,105);
BTset(1322,260,1);
BTset(1323,260,70);
BTset(1324,260,1);
BTset(1325,260,1);
BTset(1326,260,70);
BTset(1327,260,104);
BTset(1328,260,100);
BTset(1329,260,105);
BTset(1330,260,1);
BTset(1331,260,70);
BTset(1332,260,1);
BTset(1333,260,1);
BTset(1334,260,70);
BTset(1335,260,104);
BTset(1336,260,100);
BTset(1337,260,105);
BTset(1338,260,1);
BTset(1339,260,1);
BTset(1340,260,1);
BTset(1341,260,1);
BTset(1342,260,1);
BTset(1343,260,1);
BTset(1344,260,1);
BTset(1345,260,1);
BTset(1346,260,1);
BTset(1347,260,1);
BTset(1348,260,93);
BTset(1349,260,1);
BTset(1350,260,1);
BTset(1280,261,74);
BTset(1281,261,74);
BTset(1282,261,86);
BTset(1283,261,111);
BTset(1284,261,90);
BTset(1285,261,82);
BTset(1286,261,76);
BTset(1287,261,78);
BTset(1288,261,1);
BTset(1289,261,1);
BTset(1290,261,71);
BTset(1291,261,104);
BTset(1292,261,100);
BTset(1293,261,101);
BTset(1294,261,1);
BTset(1295,261,1);
BTset(1296,261,1);
BTset(1297,261,99);
BTset(1298,261,100);
BTset(1299,261,105);
BTset(1300,261,70);
BTset(1301,261,104);
BTset(1302,261,100);
BTset(1303,261,101);
BTset(1304,261,1);
BTset(1305,261,99);
BTset(1306,261,100);
BTset(1307,261,105);
BTset(1308,261,70);
BTset(1309,261,104);
BTset(1310,261,100);
BTset(1311,261,101);
BTset(1312,261,1);
BTset(1313,261,99);
BTset(1314,261,100);
BTset(1315,261,105);
BTset(1316,261,70);
BTset(1317,261,104);
BTset(1318,261,100);
BTset(1319,261,101);
BTset(1320,261,1);
BTset(1321,261,99);
BTset(1322,261,100);
BTset(1323,261,105);
BTset(1324,261,70);
BTset(1325,261,104);
BTset(1326,261,100);
BTset(1327,261,101);
BTset(1328,261,1);
BTset(1329,261,99);
BTset(1330,261,100);
BTset(1331,261,105);
BTset(1332,261,70);
BTset(1333,261,104);
BTset(1334,261,100);
BTset(1335,261,101);
BTset(1336,261,1);
BTset(1337,261,99);
BTset(1338,261,100);
BTset(1339,261,105);
BTset(1340,261,1);
BTset(1341,261,1);
BTset(1342,261,1);
BTset(1343,261,1);
BTset(1344,261,1);
BTset(1345,261,1);
BTset(1346,261,1);
BTset(1347,261,74);
BTset(1348,261,93);
BTset(1349,261,93);
BTset(1350,261,1);
BTset(1280,262,53);
BTset(1281,262,74);
BTset(1282,262,83);
BTset(1283,262,89);
BTset(1284,262,111);
BTset(1285,262,87);
BTset(1286,262,78);
BTset(1287,262,76);
BTset(1288,262,1);
BTset(1289,262,1);
BTset(1290,262,104);
BTset(1291,262,101);
BTset(1292,262,1);
BTset(1293,262,73);
BTset(1294,262,40);
BTset(1295,262,36);
BTset(1296,262,36);
BTset(1297,262,36);
BTset(1298,262,41);
BTset(1299,262,99);
BTset(1300,262,100);
BTset(1301,262,101);
BTset(1302,262,40);
BTset(1303,262,36);
BTset(1304,262,36);
BTset(1305,262,36);
BTset(1306,262,41);
BTset(1307,262,99);
BTset(1308,262,100);
BTset(1309,262,101);
BTset(1310,262,40);
BTset(1311,262,36);
BTset(1312,262,36);
BTset(1313,262,36);
BTset(1314,262,41);
BTset(1315,262,99);
BTset(1316,262,100);
BTset(1317,262,101);
BTset(1318,262,40);
BTset(1319,262,36);
BTset(1320,262,36);
BTset(1321,262,36);
BTset(1322,262,41);
BTset(1323,262,99);
BTset(1324,262,100);
BTset(1325,262,101);
BTset(1326,262,40);
BTset(1327,262,36);
BTset(1328,262,36);
BTset(1329,262,36);
BTset(1330,262,41);
BTset(1331,262,99);
BTset(1332,262,100);
BTset(1333,262,101);
BTset(1334,262,40);
BTset(1335,262,36);
BTset(1336,262,36);
BTset(1337,262,36);
BTset(1338,262,41);
BTset(1339,262,99);
BTset(1340,262,100);
BTset(1341,262,105);
BTset(1342,262,1);
BTset(1343,262,1);
BTset(1344,262,1);
BTset(1345,262,1);
BTset(1346,262,93);
BTset(1347,262,78);
BTset(1348,262,93);
BTset(1349,262,93);
BTset(1350,262,74);
BTset(1280,263,52);
BTset(1281,263,74);
BTset(1282,263,63);
BTset(1283,263,86);
BTset(1284,263,108);
BTset(1285,263,87);
BTset(1286,263,93);
BTset(1287,263,93);
BTset(1288,263,1);
BTset(1289,263,104);
BTset(1290,263,101);
BTset(1291,263,73);
BTset(1292,263,40);
BTset(1293,263,36);
BTset(1294,263,35);
BTset(1295,263,10);
BTset(1296,263,10);
BTset(1297,263,11);
BTset(1298,263,37);
BTset(1299,263,36);
BTset(1300,263,41);
BTset(1301,263,40);
BTset(1302,263,35);
BTset(1303,263,10);
BTset(1304,263,10);
BTset(1305,263,11);
BTset(1306,263,37);
BTset(1307,263,36);
BTset(1308,263,41);
BTset(1309,263,40);
BTset(1310,263,35);
BTset(1311,263,10);
BTset(1312,263,10);
BTset(1313,263,11);
BTset(1314,263,37);
BTset(1315,263,36);
BTset(1316,263,41);
BTset(1317,263,40);
BTset(1318,263,35);
BTset(1319,263,10);
BTset(1320,263,10);
BTset(1321,263,11);
BTset(1322,263,37);
BTset(1323,263,36);
BTset(1324,263,41);
BTset(1325,263,40);
BTset(1326,263,35);
BTset(1327,263,10);
BTset(1328,263,10);
BTset(1329,263,11);
BTset(1330,263,37);
BTset(1331,263,36);
BTset(1332,263,41);
BTset(1333,263,40);
BTset(1334,263,35);
BTset(1335,263,10);
BTset(1336,263,10);
BTset(1337,263,11);
BTset(1338,263,37);
BTset(1339,263,49);
BTset(1340,263,74);
BTset(1341,263,99);
BTset(1342,263,105);
BTset(1343,263,1);
BTset(1344,263,93);
BTset(1345,263,74);
BTset(1346,263,1);
BTset(1347,263,93);
BTset(1348,263,93);
BTset(1349,263,1);
BTset(1350,263,1);
BTset(1280,264,52);
BTset(1281,264,62);
BTset(1282,264,61);
BTset(1283,264,86);
BTset(1284,264,108);
BTset(1285,264,87);
BTset(1286,264,92);
BTset(1287,264,93);
BTset(1288,264,71);
BTset(1289,264,103);
BTset(1290,264,1);
BTset(1291,264,40);
BTset(1292,264,35);
BTset(1293,264,9);
BTset(1294,264,10);
BTset(1295,264,23);
BTset(1296,264,16);
BTset(1297,264,17);
BTset(1298,264,11);
BTset(1299,264,11);
BTset(1300,264,37);
BTset(1301,264,35);
BTset(1302,264,9);
BTset(1303,264,23);
BTset(1304,264,16);
BTset(1305,264,17);
BTset(1306,264,11);
BTset(1307,264,11);
BTset(1308,264,37);
BTset(1309,264,35);
BTset(1310,264,9);
BTset(1311,264,23);
BTset(1312,264,16);
BTset(1313,264,17);
BTset(1314,264,11);
BTset(1315,264,11);
BTset(1316,264,37);
BTset(1317,264,35);
BTset(1318,264,9);
BTset(1319,264,23);
BTset(1320,264,16);
BTset(1321,264,17);
BTset(1322,264,11);
BTset(1323,264,11);
BTset(1324,264,37);
BTset(1325,264,35);
BTset(1326,264,9);
BTset(1327,264,23);
BTset(1328,264,16);
BTset(1329,264,17);
BTset(1330,264,11);
BTset(1331,264,11);
BTset(1332,264,37);
BTset(1333,264,35);
BTset(1334,264,9);
BTset(1335,264,23);
BTset(1336,264,16);
BTset(1337,264,17);
BTset(1338,264,11);
BTset(1339,264,38);
BTset(1340,264,78);
BTset(1341,264,74);
BTset(1342,264,99);
BTset(1343,264,105);
BTset(1344,264,74);
BTset(1345,264,1);
BTset(1346,264,1);
BTset(1347,264,1);
BTset(1348,264,74);
BTset(1349,264,1);
BTset(1350,264,1);
BTset(1280,265,59);
BTset(1281,265,61);
BTset(1282,265,80);
BTset(1283,265,91);
BTset(1284,265,109);
BTset(1285,265,87);
BTset(1286,265,93);
BTset(1287,265,92);
BTset(1288,265,104);
BTset(1289,265,101);
BTset(1290,265,73);
BTset(1291,265,34);
BTset(1292,265,9);
BTset(1293,265,23);
BTset(1294,265,16);
BTset(1295,265,51);
BTset(1296,265,1);
BTset(1297,265,26);
BTset(1298,265,16);
BTset(1299,265,17);
BTset(1300,265,10);
BTset(1301,265,9);
BTset(1302,265,23);
BTset(1303,265,27);
BTset(1304,265,1);
BTset(1305,265,26);
BTset(1306,265,16);
BTset(1307,265,17);
BTset(1308,265,10);
BTset(1309,265,9);
BTset(1310,265,23);
BTset(1311,265,27);
BTset(1312,265,1);
BTset(1313,265,26);
BTset(1314,265,16);
BTset(1315,265,17);
BTset(1316,265,10);
BTset(1317,265,9);
BTset(1318,265,23);
BTset(1319,265,27);
BTset(1320,265,1);
BTset(1321,265,26);
BTset(1322,265,16);
BTset(1323,265,17);
BTset(1324,265,10);
BTset(1325,265,9);
BTset(1326,265,23);
BTset(1327,265,27);
BTset(1328,265,1);
BTset(1329,265,26);
BTset(1330,265,16);
BTset(1331,265,17);
BTset(1332,265,10);
BTset(1333,265,9);
BTset(1334,265,23);
BTset(1335,265,27);
BTset(1336,265,7);
BTset(1337,265,18);
BTset(1338,265,11);
BTset(1339,265,37);
BTset(1340,265,36);
BTset(1341,265,41);
BTset(1342,265,1);
BTset(1343,265,102);
BTset(1344,265,1);
BTset(1345,265,78);
BTset(1346,265,1);
BTset(1347,265,1);
BTset(1348,265,1);
BTset(1349,265,93);
BTset(1350,265,93);
BTset(1280,266,64);
BTset(1281,266,65);
BTset(1282,266,86);
BTset(1283,266,108);
BTset(1284,266,88);
BTset(1285,266,85);
BTset(1286,266,71);
BTset(1287,266,93);
BTset(1288,266,103);
BTset(1289,266,1);
BTset(1290,266,40);
BTset(1291,266,35);
BTset(1292,266,8);
BTset(1293,266,22);
BTset(1294,266,71);
BTset(1295,266,96);
BTset(1296,266,97);
BTset(1297,266,97);
BTset(1298,266,98);
BTset(1299,266,26);
BTset(1300,266,16);
BTset(1301,266,16);
BTset(1302,266,27);
BTset(1303,266,96);
BTset(1304,266,97);
BTset(1305,266,97);
BTset(1306,266,98);
BTset(1307,266,26);
BTset(1308,266,16);
BTset(1309,266,16);
BTset(1310,266,27);
BTset(1311,266,96);
BTset(1312,266,97);
BTset(1313,266,97);
BTset(1314,266,98);
BTset(1315,266,26);
BTset(1316,266,16);
BTset(1317,266,16);
BTset(1318,266,27);
BTset(1319,266,96);
BTset(1320,266,97);
BTset(1321,266,97);
BTset(1322,266,98);
BTset(1323,266,26);
BTset(1324,266,16);
BTset(1325,266,16);
BTset(1326,266,27);
BTset(1327,266,96);
BTset(1328,266,97);
BTset(1329,266,97);
BTset(1330,266,98);
BTset(1331,266,26);
BTset(1332,266,16);
BTset(1333,266,16);
BTset(1334,266,27);
BTset(1335,266,96);
BTset(1336,266,98);
BTset(1337,266,26);
BTset(1338,266,17);
BTset(1339,266,12);
BTset(1340,266,39);
BTset(1341,266,43);
BTset(1342,266,1);
BTset(1343,266,102);
BTset(1344,266,1);
BTset(1345,266,1);
BTset(1346,266,74);
BTset(1347,266,93);
BTset(1348,266,1);
BTset(1349,266,78);
BTset(1350,266,74);
BTset(1280,267,66);
BTset(1281,267,67);
BTset(1282,267,86);
BTset(1283,267,108);
BTset(1284,267,87);
BTset(1285,267,70);
BTset(1286,267,78);
BTset(1287,267,1);
BTset(1288,267,103);
BTset(1289,267,1);
BTset(1290,267,34);
BTset(1291,267,8);
BTset(1292,267,23);
BTset(1293,267,27);
BTset(1294,267,96);
BTset(1295,267,107);
BTset(1296,267,146);
BTset(1297,267,194);
BTset(1298,267,146);
BTset(1299,267,194);
BTset(1300,267,152);
BTset(1301,267,97);
BTset(1302,267,97);
BTset(1303,267,107);
BTset(1304,267,1);
BTset(1305,267,1);
BTset(1306,267,106);
BTset(1307,267,97);
BTset(1308,267,97);
BTset(1309,267,97);
BTset(1310,267,97);
BTset(1311,267,107);
BTset(1312,267,1);
BTset(1313,267,1);
BTset(1314,267,106);
BTset(1315,267,97);
BTset(1316,267,97);
BTset(1317,267,97);
BTset(1318,267,97);
BTset(1319,267,107);
BTset(1320,267,1);
BTset(1321,267,1);
BTset(1322,267,106);
BTset(1323,267,97);
BTset(1324,267,97);
BTset(1325,267,97);
BTset(1326,267,97);
BTset(1327,267,107);
BTset(1328,267,146);
BTset(1329,267,194);
BTset(1331,267,194);
BTset(1332,267,152);
BTset(1333,267,97);
BTset(1334,267,97);
BTset(1335,267,107);
BTset(1336,267,103);
BTset(1337,267,1);
BTset(1338,267,18);
BTset(1339,267,12);
BTset(1340,267,38);
BTset(1341,267,1);
BTset(1342,267,96);
BTset(1343,267,107);
BTset(1344,267,1);
BTset(1345,267,1);
BTset(1346,267,1);
BTset(1347,267,1);
BTset(1348,267,93);
BTset(1349,267,1);
BTset(1350,267,1);
BTset(1280,268,75);
BTset(1281,268,74);
BTset(1282,268,86);
BTset(1283,268,108);
BTset(1284,268,87);
BTset(1285,268,78);
BTset(1286,268,77);
BTset(1287,268,76);
BTset(1288,268,103);
BTset(1289,268,1);
BTset(1290,268,34);
BTset(1291,268,8);
BTset(1292,268,21);
BTset(1293,268,25);
BTset(1294,268,102);
BTset(1295,268,146);
BTset(1296,268,149);
BTset(1297,268,210);
BTset(1298,268,210);
BTset(1299,268,210);
BTset(1300,268,157);
BTset(1301,268,152);
BTset(1302,268,1);
BTset(1303,268,1);
BTset(1304,268,1);
BTset(1305,268,1);
BTset(1306,268,1);
BTset(1307,268,1);
BTset(1308,268,1);
BTset(1309,268,1);
BTset(1310,268,1);
BTset(1311,268,1);
BTset(1312,268,146);
BTset(1313,268,198);
BTset(1314,268,198);
BTset(1315,268,198);
BTset(1316,268,198);
BTset(1317,268,198);
BTset(1318,268,152);
BTset(1319,268,1);
BTset(1320,268,1);
BTset(1321,268,1);
BTset(1322,268,1);
BTset(1323,268,1);
BTset(1324,268,1);
BTset(1325,268,1);
BTset(1326,268,1);
BTset(1327,268,146);
BTset(1328,268,149);
BTset(1332,268,157);
BTset(1333,268,152);
BTset(1334,268,1);
BTset(1335,268,1);
BTset(1336,268,106);
BTset(1337,268,98);
BTset(1338,268,18);
BTset(1339,268,12);
BTset(1340,268,38);
BTset(1341,268,74);
BTset(1342,268,102);
BTset(1343,268,1);
BTset(1344,268,1);
BTset(1345,268,1);
BTset(1346,268,1);
BTset(1347,268,1);
BTset(1348,268,93);
BTset(1349,268,1);
BTset(1350,268,1);
BTset(1280,269,74);
BTset(1281,269,74);
BTset(1282,269,86);
BTset(1283,269,111);
BTset(1284,269,90);
BTset(1285,269,82);
BTset(1286,269,76);
BTset(1287,269,78);
BTset(1288,269,106);
BTset(1289,269,98);
BTset(1290,269,42);
BTset(1291,269,33);
BTset(1292,269,8);
BTset(1293,269,22);
BTset(1294,269,99);
BTset(1295,269,195);
BTset(1296,269,210);
BTset(1297,269,210);
BTset(1298,269,210);
BTset(1299,269,210);
BTset(1300,269,210);
BTset(1301,269,193);
BTset(1302,269,152);
BTset(1303,269,1);
BTset(1304,269,1);
BTset(1305,269,1);
BTset(1306,269,1);
BTset(1308,269,198);
BTset(1309,269,198);
BTset(1310,269,198);
BTset(1311,269,198);
BTset(1312,269,149);
BTset(1313,269,213);
BTset(1314,269,213);
BTset(1315,269,213);
BTset(1316,269,213);
BTset(1317,269,213);
BTset(1318,269,148);
BTset(1319,269,198);
BTset(1320,269,198);
BTset(1321,269,198);
BTset(1322,269,198);
BTset(1323,269,152);
BTset(1324,269,1);
BTset(1325,269,1);
BTset(1326,269,1);
BTset(1327,269,195);
BTset(1333,269,193);
BTset(1334,269,152);
BTset(1335,269,1);
BTset(1336,269,1);
BTset(1337,269,103);
BTset(1338,269,18);
BTset(1339,269,12);
BTset(1340,269,37);
BTset(1341,269,41);
BTset(1342,269,99);
BTset(1343,269,105);
BTset(1344,269,1);
BTset(1345,269,1);
BTset(1346,269,1);
BTset(1347,269,74);
BTset(1348,269,93);
BTset(1349,269,93);
BTset(1350,269,1);
BTset(1280,270,53);
BTset(1281,270,74);
BTset(1282,270,83);
BTset(1283,270,89);
BTset(1284,270,111);
BTset(1285,270,87);
BTset(1286,270,78);
BTset(1287,270,76);
BTset(1288,270,70);
BTset(1289,270,106);
BTset(1290,270,98);
BTset(1291,270,34);
BTset(1292,270,8);
BTset(1293,270,22);
BTset(1294,270,1);
BTset(1295,270,145);
BTset(1296,270,210);
BTset(1297,270,210);
BTset(1298,270,146);
BTset(1299,270,144);
BTset(1300,270,144);
BTset(1301,270,144);
BTset(1302,270,144);
BTset(1303,270,144);
BTset(1304,270,144);
BTset(1305,270,146);
BTset(1308,270,144);
BTset(1309,270,144);
BTset(1310,270,146);
BTset(1311,270,144);
BTset(1312,270,146);
BTset(1313,270,144);
BTset(1314,270,146);
BTset(1315,270,144);
BTset(1316,270,194);
BTset(1317,270,144);
BTset(1318,270,144);
BTset(1319,270,146);
BTset(1320,270,144);
BTset(1321,270,146);
BTset(1322,270,144);
BTset(1323,270,146);
BTset(1324,270,144);
BTset(1325,270,146);
BTset(1326,270,144);
BTset(1327,270,144);
BTset(1333,270,145);
BTset(1334,270,193);
BTset(1335,270,1);
BTset(1336,270,104);
BTset(1337,270,101);
BTset(1338,270,26);
BTset(1339,270,17);
BTset(1340,270,12);
BTset(1341,270,37);
BTset(1342,270,41);
BTset(1343,270,102);
BTset(1344,270,1);
BTset(1345,270,1);
BTset(1346,270,93);
BTset(1347,270,78);
BTset(1348,270,93);
BTset(1349,270,93);
BTset(1350,270,74);
BTset(1280,271,52);
BTset(1281,271,74);
BTset(1282,271,63);
BTset(1283,271,86);
BTset(1284,271,108);
BTset(1285,271,87);
BTset(1286,271,93);
BTset(1287,271,93);
BTset(1288,271,1);
BTset(1289,271,62);
BTset(1290,271,61);
BTset(1291,271,34);
BTset(1292,271,8);
BTset(1293,271,22);
BTset(1294,271,73);
BTset(1295,271,195);
BTset(1296,271,210);
BTset(1297,271,210);
BTset(1298,271,210);
BTset(1299,271,210);
BTset(1300,271,210);
BTset(1301,271,210);
BTset(1302,271,210);
BTset(1303,271,210);
BTset(1304,271,210);
BTset(1305,271,145);
BTset(1312,271,145);
BTset(1320,271,210);
BTset(1321,271,145);
BTset(1322,271,210);
BTset(1323,271,210);
BTset(1324,271,210);
BTset(1325,271,145);
BTset(1326,271,210);
BTset(1327,271,210);
BTset(1328,271,145);
BTset(1329,271,210);
BTset(1333,271,193);
BTset(1334,271,145);
BTset(1335,271,1);
BTset(1336,271,106);
BTset(1337,271,98);
BTset(1338,271,74);
BTset(1339,271,26);
BTset(1340,271,17);
BTset(1341,271,12);
BTset(1342,271,38);
BTset(1343,271,102);
BTset(1344,271,93);
BTset(1345,271,74);
BTset(1346,271,1);
BTset(1347,271,93);
BTset(1348,271,93);
BTset(1349,271,1);
BTset(1350,271,1);
BTset(1280,272,52);
BTset(1281,272,62);
BTset(1282,272,61);
BTset(1283,272,86);
BTset(1284,272,108);
BTset(1285,272,87);
BTset(1286,272,92);
BTset(1287,272,93);
BTset(1288,272,62);
BTset(1289,272,61);
BTset(1290,272,48);
BTset(1291,272,35);
BTset(1292,272,8);
BTset(1293,272,22);
BTset(1294,272,96);
BTset(1295,272,153);
BTset(1296,272,156);
BTset(1297,272,210);
BTset(1298,272,210);
BTset(1299,272,210);
BTset(1300,272,210);
BTset(1301,272,210);
BTset(1302,272,210);
BTset(1303,272,210);
BTset(1304,272,210);
BTset(1312,272,145);
BTset(1320,272,210);
BTset(1321,272,210);
BTset(1322,272,210);
BTset(1323,272,210);
BTset(1324,272,210);
BTset(1325,272,145);
BTset(1326,272,210);
BTset(1327,272,210);
BTset(1328,272,210);
BTset(1329,272,210);
BTset(1332,272,146);
BTset(1333,272,149);
BTset(1334,272,193);
BTset(1335,272,1);
BTset(1336,272,73);
BTset(1337,272,106);
BTset(1338,272,98);
BTset(1339,272,1);
BTset(1340,272,18);
BTset(1341,272,12);
BTset(1342,272,38);
BTset(1343,272,102);
BTset(1344,272,74);
BTset(1345,272,1);
BTset(1346,272,1);
BTset(1347,272,1);
BTset(1348,272,74);
BTset(1349,272,1);
BTset(1350,272,1);
BTset(1280,273,59);
BTset(1281,273,61);
BTset(1282,273,80);
BTset(1283,273,91);
BTset(1284,273,109);
BTset(1285,273,87);
BTset(1286,273,93);
BTset(1287,273,92);
BTset(1288,273,63);
BTset(1289,273,1);
BTset(1290,273,34);
BTset(1291,273,8);
BTset(1292,273,23);
BTset(1293,273,27);
BTset(1294,273,102);
BTset(1295,273,1);
BTset(1296,273,153);
BTset(1297,273,192);
BTset(1298,273,146);
BTset(1299,273,144);
BTset(1300,273,144);
BTset(1301,273,144);
BTset(1302,273,156);
BTset(1303,273,210);
BTset(1304,273,210);
BTset(1312,273,145);
BTset(1320,273,210);
BTset(1321,273,210);
BTset(1322,273,210);
BTset(1323,273,157);
BTset(1324,273,146);
BTset(1325,273,144);
BTset(1326,273,156);
BTset(1327,273,210);
BTset(1328,273,210);
BTset(1329,273,210);
BTset(1330,273,146);
BTset(1331,273,192);
BTset(1332,273,149);
BTset(1333,273,146);
BTset(1334,273,149);
BTset(1335,273,1);
BTset(1336,273,1);
BTset(1337,273,104);
BTset(1338,273,101);
BTset(1339,273,24);
BTset(1340,273,19);
BTset(1341,273,12);
BTset(1342,273,38);
BTset(1343,273,102);
BTset(1344,273,1);
BTset(1345,273,78);
BTset(1346,273,1);
BTset(1347,273,1);
BTset(1348,273,1);
BTset(1349,273,93);
BTset(1350,273,93);
BTset(1280,274,64);
BTset(1281,274,65);
BTset(1282,274,86);
BTset(1283,274,108);
BTset(1284,274,88);
BTset(1285,274,85);
BTset(1286,274,71);
BTset(1287,274,93);
BTset(1288,274,106);
BTset(1289,274,98);
BTset(1290,274,34);
BTset(1291,274,8);
BTset(1292,274,22);
BTset(1293,274,96);
BTset(1294,274,107);
BTset(1295,274,1);
BTset(1296,274,1);
BTset(1297,274,153);
BTset(1298,274,145);
BTset(1302,274,145);
BTset(1303,274,210);
BTset(1304,274,210);
BTset(1305,274,146);
BTset(1306,274,144);
BTset(1307,274,144);
BTset(1308,274,144);
BTset(1309,274,144);
BTset(1310,274,146);
BTset(1311,274,144);
BTset(1312,274,146);
BTset(1313,274,144);
BTset(1314,274,146);
BTset(1315,274,144);
BTset(1316,274,144);
BTset(1317,274,144);
BTset(1318,274,144);
BTset(1319,274,145);
BTset(1320,274,210);
BTset(1321,274,145);
BTset(1322,274,210);
BTset(1323,274,210);
BTset(1324,274,145);
BTset(1325,274,210);
BTset(1326,274,210);
BTset(1327,274,210);
BTset(1328,274,145);
BTset(1329,274,210);
BTset(1330,274,145);
BTset(1331,274,146);
BTset(1332,274,192);
BTset(1333,274,149);
BTset(1334,274,1);
BTset(1335,274,1);
BTset(1336,274,104);
BTset(1337,274,101);
BTset(1338,274,24);
BTset(1339,274,19);
BTset(1340,274,12);
BTset(1341,274,39);
BTset(1342,274,43);
BTset(1343,274,102);
BTset(1344,274,1);
BTset(1345,274,1);
BTset(1346,274,74);
BTset(1347,274,93);
BTset(1348,274,1);
BTset(1349,274,78);
BTset(1350,274,74);
BTset(1280,275,66);
BTset(1281,275,67);
BTset(1282,275,86);
BTset(1283,275,108);
BTset(1284,275,87);
BTset(1285,275,70);
BTset(1286,275,78);
BTset(1287,275,1);
BTset(1288,275,104);
BTset(1289,275,101);
BTset(1290,275,34);
BTset(1291,275,8);
BTset(1292,275,22);
BTset(1293,275,99);
BTset(1294,275,105);
BTset(1295,275,1);
BTset(1296,275,1);
BTset(1297,275,1);
BTset(1298,275,146);
BTset(1301,275,144);
BTset(1302,275,145);
BTset(1303,275,210);
BTset(1304,275,210);
BTset(1305,275,145);
BTset(1312,275,145);
BTset(1320,275,210);
BTset(1321,275,145);
BTset(1322,275,210);
BTset(1323,275,210);
BTset(1324,275,145);
BTset(1325,275,210);
BTset(1326,275,210);
BTset(1327,275,210);
BTset(1328,275,145);
BTset(1329,275,210);
BTset(1330,275,145);
BTset(1331,275,145);
BTset(1332,275,1);
BTset(1333,275,1);
BTset(1334,275,1);
BTset(1335,275,1);
BTset(1336,275,103);
BTset(1337,275,1);
BTset(1338,275,18);
BTset(1339,275,12);
BTset(1340,275,39);
BTset(1341,275,43);
BTset(1342,275,96);
BTset(1343,275,107);
BTset(1344,275,1);
BTset(1345,275,1);
BTset(1346,275,1);
BTset(1347,275,1);
BTset(1348,275,93);
BTset(1349,275,1);
BTset(1350,275,1);
BTset(1280,276,75);
BTset(1281,276,74);
BTset(1282,276,86);
BTset(1283,276,108);
BTset(1284,276,87);
BTset(1285,276,78);
BTset(1286,276,77);
BTset(1287,276,76);
BTset(1288,276,103);
BTset(1289,276,1);
BTset(1290,276,34);
BTset(1291,276,8);
BTset(1292,276,21);
BTset(1293,276,25);
BTset(1294,276,102);
BTset(1295,276,1);
BTset(1296,276,1);
BTset(1297,276,1);
BTset(1298,276,197);
BTset(1302,276,145);
BTset(1303,276,210);
BTset(1304,276,210);
BTset(1312,276,145);
BTset(1320,276,210);
BTset(1321,276,146);
BTset(1322,276,144);
BTset(1323,276,146);
BTset(1324,276,144);
BTset(1325,276,146);
BTset(1326,276,144);
BTset(1327,276,144);
BTset(1328,276,145);
BTset(1329,276,210);
BTset(1330,276,145);
BTset(1331,276,145);
BTset(1332,276,1);
BTset(1333,276,1);
BTset(1334,276,1);
BTset(1335,276,1);
BTset(1336,276,106);
BTset(1337,276,98);
BTset(1338,276,18);
BTset(1339,276,12);
BTset(1340,276,38);
BTset(1341,276,74);
BTset(1342,276,102);
BTset(1343,276,1);
BTset(1344,276,1);
BTset(1345,276,1);
BTset(1346,276,1);
BTset(1347,276,1);
BTset(1348,276,93);
BTset(1349,276,1);
BTset(1350,276,1);
BTset(1280,277,168);
BTset(1281,277,80);
BTset(1282,277,91);
BTset(1283,277,111);
BTset(1284,277,90);
BTset(1285,277,82);
BTset(1286,277,76);
BTset(1287,277,78);
BTset(1288,277,106);
BTset(1289,277,98);
BTset(1290,277,42);
BTset(1291,277,33);
BTset(1292,277,8);
BTset(1293,277,22);
BTset(1294,277,99);
BTset(1295,277,105);
BTset(1296,277,1);
BTset(1297,277,1);
BTset(1298,277,145);
BTset(1301,277,210);
BTset(1303,277,210);
BTset(1304,277,210);
BTset(1312,277,145);
BTset(1320,277,210);
BTset(1321,277,145);
BTset(1322,277,210);
BTset(1323,277,210);
BTset(1324,277,210);
BTset(1325,277,145);
BTset(1326,277,210);
BTset(1327,277,210);
BTset(1328,277,145);
BTset(1329,277,210);
BTset(1330,277,145);
BTset(1331,277,145);
BTset(1332,277,1);
BTset(1333,277,1);
BTset(1334,277,1);
BTset(1335,277,1);
BTset(1336,277,1);
BTset(1337,277,103);
BTset(1338,277,18);
BTset(1339,277,12);
BTset(1340,277,37);
BTset(1341,277,41);
BTset(1342,277,99);
BTset(1343,277,105);
BTset(1344,277,1);
BTset(1345,277,1);
BTset(1346,277,1);
BTset(1347,277,74);
BTset(1348,277,93);
BTset(1349,277,93);
BTset(1350,277,1);
BTset(1280,278,161);
BTset(1281,278,91);
BTset(1282,278,111);
BTset(1283,278,111);
BTset(1284,278,111);
BTset(1285,278,87);
BTset(1286,278,78);
BTset(1287,278,76);
BTset(1288,278,70);
BTset(1289,278,106);
BTset(1290,278,98);
BTset(1291,278,34);
BTset(1292,278,8);
BTset(1293,278,22);
BTset(1294,278,1);
BTset(1295,278,102);
BTset(1296,278,1);
BTset(1297,278,1);
BTset(1298,278,145);
BTset(1303,278,210);
BTset(1304,278,210);
BTset(1305,278,146);
BTset(1306,278,144);
BTset(1307,278,144);
BTset(1308,278,144);
BTset(1309,278,144);
BTset(1310,278,146);
BTset(1311,278,144);
BTset(1312,278,146);
BTset(1313,278,144);
BTset(1314,278,146);
BTset(1315,278,144);
BTset(1316,278,144);
BTset(1317,278,144);
BTset(1318,278,144);
BTset(1319,278,145);
BTset(1320,278,210);
BTset(1321,278,210);
BTset(1322,278,210);
BTset(1323,278,210);
BTset(1324,278,210);
BTset(1325,278,145);
BTset(1326,278,210);
BTset(1327,278,210);
BTset(1328,278,210);
BTset(1329,278,210);
BTset(1330,278,193);
BTset(1331,278,145);
BTset(1332,278,1);
BTset(1333,278,1);
BTset(1334,278,1);
BTset(1335,278,1);
BTset(1336,278,104);
BTset(1337,278,101);
BTset(1338,278,26);
BTset(1339,278,17);
BTset(1340,278,12);
BTset(1341,278,37);
BTset(1342,278,41);
BTset(1343,278,102);
BTset(1344,278,1);
BTset(1345,278,1);
BTset(1346,278,93);
BTset(1347,278,78);
BTset(1348,278,93);
BTset(1349,278,93);
BTset(1350,278,74);
BTset(1280,279,208);
BTset(1281,279,108);
BTset(1282,279,92);
BTset(1283,279,111);
BTset(1284,279,108);
BTset(1285,279,87);
BTset(1286,279,93);
BTset(1287,279,93);
BTset(1288,279,1);
BTset(1289,279,62);
BTset(1290,279,61);
BTset(1291,279,34);
BTset(1292,279,8);
BTset(1293,279,22);
BTset(1294,279,73);
BTset(1295,279,102);
BTset(1296,279,1);
BTset(1297,279,1);
BTset(1298,279,146);
BTset(1299,279,144);
BTset(1300,279,144);
BTset(1301,279,144);
BTset(1302,279,145);
BTset(1303,279,210);
BTset(1304,279,210);
BTset(1305,279,145);
BTset(1312,279,145);
BTset(1320,279,210);
BTset(1321,279,210);
BTset(1322,279,210);
BTset(1323,279,157);
BTset(1324,279,146);
BTset(1325,279,144);
BTset(1326,279,156);
BTset(1327,279,210);
BTset(1328,279,210);
BTset(1329,279,210);
BTset(1330,279,145);
BTset(1331,279,145);
BTset(1332,279,1);
BTset(1333,279,1);
BTset(1334,279,1);
BTset(1335,279,73);
BTset(1336,279,106);
BTset(1337,279,98);
BTset(1338,279,74);
BTset(1339,279,26);
BTset(1340,279,17);
BTset(1341,279,12);
BTset(1342,279,38);
BTset(1343,279,102);
BTset(1344,279,93);
BTset(1345,279,74);
BTset(1346,279,1);
BTset(1347,279,93);
BTset(1348,279,93);
BTset(1349,279,1);
BTset(1350,279,1);
BTset(1280,280,208);
BTset(1281,280,89);
BTset(1282,280,92);
BTset(1283,280,111);
BTset(1284,280,108);
BTset(1285,280,87);
BTset(1286,280,92);
BTset(1287,280,93);
BTset(1288,280,62);
BTset(1289,280,61);
BTset(1290,280,48);
BTset(1291,280,35);
BTset(1292,280,8);
BTset(1293,280,22);
BTset(1294,280,96);
BTset(1295,280,107);
BTset(1296,280,1);
BTset(1297,280,1);
BTset(1298,280,145);
BTset(1302,280,145);
BTset(1303,280,210);
BTset(1304,280,210);
BTset(1312,280,145);
BTset(1320,280,210);
BTset(1321,280,145);
BTset(1322,280,210);
BTset(1323,280,210);
BTset(1324,280,145);
BTset(1325,280,210);
BTset(1326,280,210);
BTset(1327,280,210);
BTset(1328,280,145);
BTset(1329,280,210);
BTset(1330,280,145);
BTset(1331,280,145);
BTset(1332,280,1);
BTset(1333,280,1);
BTset(1334,280,1);
BTset(1335,280,1);
BTset(1336,280,73);
BTset(1337,280,106);
BTset(1338,280,98);
BTset(1339,280,1);
BTset(1340,280,18);
BTset(1341,280,12);
BTset(1342,280,38);
BTset(1343,280,102);
BTset(1344,280,74);
BTset(1345,280,1);
BTset(1346,280,1);
BTset(1347,280,1);
BTset(1348,280,74);
BTset(1349,280,1);
BTset(1350,280,1);
BTset(1280,281,165);
BTset(1281,281,83);
BTset(1282,281,89);
BTset(1283,281,108);
BTset(1284,281,109);
BTset(1285,281,87);
BTset(1286,281,93);
BTset(1287,281,92);
BTset(1288,281,63);
BTset(1289,281,1);
BTset(1290,281,34);
BTset(1291,281,8);
BTset(1292,281,23);
BTset(1293,281,27);
BTset(1294,281,102);
BTset(1295,281,1);
BTset(1296,281,1);
BTset(1297,281,1);
BTset(1298,281,146);
BTset(1301,281,144);
BTset(1302,281,145);
BTset(1303,281,210);
BTset(1304,281,210);
BTset(1312,281,145);
BTset(1320,281,210);
BTset(1321,281,145);
BTset(1322,281,210);
BTset(1323,281,210);
BTset(1324,281,145);
BTset(1325,281,210);
BTset(1326,281,210);
BTset(1327,281,210);
BTset(1328,281,145);
BTset(1329,281,210);
BTset(1330,281,145);
BTset(1331,281,145);
BTset(1332,281,1);
BTset(1333,281,1);
BTset(1334,281,1);
BTset(1335,281,1);
BTset(1336,281,1);
BTset(1337,281,104);
BTset(1338,281,101);
BTset(1339,281,24);
BTset(1340,281,19);
BTset(1341,281,12);
BTset(1342,281,38);
BTset(1343,281,102);
BTset(1344,281,1);
BTset(1345,281,78);
BTset(1346,281,1);
BTset(1347,281,1);
BTset(1348,281,1);
BTset(1349,281,93);
BTset(1350,281,93);
BTset(1280,282,64);
BTset(1281,282,65);
BTset(1282,282,86);
BTset(1283,282,108);
BTset(1284,282,88);
BTset(1285,282,85);
BTset(1286,282,71);
BTset(1287,282,93);
BTset(1288,282,106);
BTset(1289,282,98);
BTset(1290,282,34);
BTset(1291,282,8);
BTset(1292,282,22);
BTset(1293,282,96);
BTset(1294,282,107);
BTset(1295,282,1);
BTset(1296,282,1);
BTset(1297,282,1);
BTset(1298,282,197);
BTset(1302,282,145);
BTset(1303,282,210);
BTset(1304,282,210);
BTset(1305,282,157);
BTset(1306,282,144);
BTset(1307,282,144);
BTset(1308,282,144);
BTset(1309,282,146);
BTset(1310,282,144);
BTset(1311,282,144);
BTset(1312,282,144);
BTset(1313,282,144);
BTset(1314,282,144);
BTset(1315,282,144);
BTset(1316,282,144);
BTset(1317,282,144);
BTset(1318,282,144);
BTset(1319,282,145);
BTset(1320,282,210);
BTset(1321,282,146);
BTset(1322,282,144);
BTset(1323,282,146);
BTset(1324,282,144);
BTset(1325,282,146);
BTset(1326,282,144);
BTset(1327,282,144);
BTset(1328,282,145);
BTset(1329,282,210);
BTset(1330,282,145);
BTset(1331,282,145);
BTset(1332,282,1);
BTset(1333,282,1);
BTset(1334,282,1);
BTset(1335,282,1);
BTset(1336,282,104);
BTset(1337,282,101);
BTset(1338,282,24);
BTset(1339,282,19);
BTset(1340,282,12);
BTset(1341,282,39);
BTset(1342,282,43);
BTset(1343,282,102);
BTset(1344,282,1);
BTset(1345,282,1);
BTset(1346,282,74);
BTset(1347,282,93);
BTset(1348,282,1);
BTset(1349,282,78);
BTset(1350,282,74);
BTset(1280,283,66);
BTset(1281,283,67);
BTset(1282,283,86);
BTset(1283,283,108);
BTset(1284,283,87);
BTset(1285,283,70);
BTset(1286,283,78);
BTset(1287,283,1);
BTset(1288,283,104);
BTset(1289,283,101);
BTset(1290,283,34);
BTset(1291,283,8);
BTset(1292,283,22);
BTset(1293,283,99);
BTset(1294,283,105);
BTset(1295,283,1);
BTset(1296,283,1);
BTset(1297,283,1);
BTset(1298,283,145);
BTset(1303,283,210);
BTset(1304,283,210);
BTset(1305,283,210);
BTset(1306,283,210);
BTset(1307,283,210);
BTset(1308,283,210);
BTset(1309,283,210);
BTset(1310,283,208);
BTset(1311,283,208);
BTset(1312,283,208);
BTset(1313,283,208);
BTset(1314,283,208);
BTset(1315,283,208);
BTset(1316,283,208);
BTset(1317,283,208);
BTset(1318,283,208);
BTset(1319,283,208);
BTset(1320,283,210);
BTset(1321,283,145);
BTset(1322,283,210);
BTset(1323,283,210);
BTset(1324,283,210);
BTset(1325,283,145);
BTset(1326,283,210);
BTset(1327,283,210);
BTset(1328,283,145);
BTset(1329,283,210);
BTset(1330,283,145);
BTset(1331,283,145);
BTset(1332,283,1);
BTset(1333,283,1);
BTset(1334,283,1);
BTset(1335,283,1);
BTset(1336,283,103);
BTset(1337,283,1);
BTset(1338,283,18);
BTset(1339,283,12);
BTset(1340,283,39);
BTset(1341,283,43);
BTset(1342,283,96);
BTset(1343,283,107);
BTset(1344,283,1);
BTset(1345,283,1);
BTset(1346,283,1);
BTset(1347,283,1);
BTset(1348,283,93);
BTset(1349,283,1);
BTset(1350,283,1);
BTset(1280,284,75);
BTset(1281,284,74);
BTset(1282,284,86);
BTset(1283,284,108);
BTset(1284,284,87);
BTset(1285,284,78);
BTset(1286,284,77);
BTset(1287,284,76);
BTset(1288,284,103);
BTset(1289,284,1);
BTset(1290,284,34);
BTset(1291,284,8);
BTset(1292,284,21);
BTset(1293,284,25);
BTset(1294,284,102);
BTset(1295,284,1);
BTset(1296,284,1);
BTset(1297,284,1);
BTset(1298,284,145);
BTset(1303,284,210);
BTset(1304,284,210);
BTset(1305,284,210);
BTset(1306,284,210);
BTset(1307,284,210);
BTset(1308,284,210);
BTset(1309,284,210);
BTset(1310,284,208);
BTset(1311,284,208);
BTset(1312,284,208);
BTset(1313,284,208);
BTset(1314,284,208);
BTset(1315,284,208);
BTset(1316,284,208);
BTset(1317,284,208);
BTset(1318,284,208);
BTset(1319,284,208);
BTset(1320,284,210);
BTset(1321,284,210);
BTset(1322,284,210);
BTset(1323,284,210);
BTset(1324,284,210);
BTset(1325,284,145);
BTset(1326,284,210);
BTset(1327,284,210);
BTset(1328,284,210);
BTset(1329,284,210);
BTset(1330,284,193);
BTset(1331,284,145);
BTset(1332,284,1);
BTset(1333,284,1);
BTset(1334,284,1);
BTset(1335,284,1);
BTset(1336,284,106);
BTset(1337,284,98);
BTset(1338,284,18);
BTset(1339,284,12);
BTset(1340,284,38);
BTset(1341,284,74);
BTset(1342,284,102);
BTset(1343,284,1);
BTset(1344,284,1);
BTset(1345,284,1);
BTset(1346,284,1);
BTset(1347,284,1);
BTset(1348,284,1);
BTset(1349,284,1);
BTset(1350,284,1);
BTset(1280,285,74);
BTset(1281,285,74);
BTset(1282,285,86);
BTset(1283,285,111);
BTset(1284,285,90);
BTset(1285,285,82);
BTset(1286,285,76);
BTset(1287,285,78);
BTset(1288,285,106);
BTset(1289,285,98);
BTset(1290,285,42);
BTset(1291,285,33);
BTset(1292,285,8);
BTset(1293,285,22);
BTset(1294,285,99);
BTset(1295,285,105);
BTset(1296,285,1);
BTset(1297,285,1);
BTset(1298,285,146);
BTset(1299,285,144);
BTset(1300,285,144);
BTset(1301,285,144);
BTset(1302,285,145);
BTset(1303,285,210);
BTset(1304,285,210);
BTset(1305,285,210);
BTset(1306,285,210);
BTset(1307,285,210);
BTset(1308,285,210);
BTset(1309,285,145);
BTset(1310,285,208);
BTset(1311,285,208);
BTset(1312,285,208);
BTset(1313,285,208);
BTset(1314,285,208);
BTset(1315,285,208);
BTset(1316,285,208);
BTset(1317,285,208);
BTset(1318,285,208);
BTset(1319,285,145);
BTset(1320,285,210);
BTset(1321,285,210);
BTset(1322,285,210);
BTset(1323,285,157);
BTset(1324,285,146);
BTset(1325,285,144);
BTset(1326,285,156);
BTset(1327,285,210);
BTset(1328,285,210);
BTset(1329,285,210);
BTset(1330,285,145);
BTset(1331,285,145);
BTset(1332,285,1);
BTset(1333,285,1);
BTset(1334,285,1);
BTset(1335,285,1);
BTset(1336,285,1);
BTset(1337,285,103);
BTset(1338,285,18);
BTset(1339,285,12);
BTset(1340,285,37);
BTset(1341,285,41);
BTset(1342,285,99);
BTset(1343,285,105);
BTset(1344,285,1);
BTset(1345,285,162);
BTset(1346,285,160);
BTset(1347,285,160);
BTset(1348,285,200);
BTset(1349,285,201);
BTset(1350,285,160);
BTset(1280,286,53);
BTset(1281,286,74);
BTset(1282,286,83);
BTset(1283,286,89);
BTset(1284,286,111);
BTset(1285,286,87);
BTset(1286,286,78);
BTset(1287,286,76);
BTset(1288,286,70);
BTset(1289,286,106);
BTset(1290,286,98);
BTset(1291,286,34);
BTset(1292,286,8);
BTset(1293,286,22);
BTset(1294,286,1);
BTset(1295,286,102);
BTset(1296,286,1);
BTset(1297,286,1);
BTset(1298,286,145);
BTset(1302,286,145);
BTset(1303,286,210);
BTset(1304,286,210);
BTset(1305,286,146);
BTset(1306,286,144);
BTset(1307,286,144);
BTset(1308,286,144);
BTset(1309,286,146);
BTset(1310,286,144);
BTset(1311,286,192);
BTset(1312,286,144);
BTset(1313,286,144);
BTset(1314,286,144);
BTset(1315,286,144);
BTset(1316,286,144);
BTset(1317,286,192);
BTset(1318,286,144);
BTset(1319,286,145);
BTset(1320,286,210);
BTset(1321,286,145);
BTset(1322,286,210);
BTset(1323,286,210);
BTset(1324,286,145);
BTset(1325,286,210);
BTset(1326,286,210);
BTset(1327,286,210);
BTset(1328,286,145);
BTset(1329,286,210);
BTset(1330,286,145);
BTset(1331,286,145);
BTset(1332,286,1);
BTset(1333,286,1);
BTset(1334,286,1);
BTset(1335,286,1);
BTset(1336,286,104);
BTset(1337,286,101);
BTset(1338,286,26);
BTset(1339,286,17);
BTset(1340,286,12);
BTset(1341,286,37);
BTset(1342,286,41);
BTset(1343,286,102);
BTset(1344,286,1);
BTset(1345,286,161);
BTset(1346,286,208);
BTset(1347,286,208);
BTset(1348,286,208);
BTset(1349,286,208);
BTset(1350,286,208);
BTset(1280,287,52);
BTset(1281,287,74);
BTset(1282,287,63);
BTset(1283,287,86);
BTset(1284,287,108);
BTset(1285,287,87);
BTset(1286,287,93);
BTset(1287,287,93);
BTset(1288,287,1);
BTset(1289,287,62);
BTset(1290,287,61);
BTset(1291,287,34);
BTset(1292,287,8);
BTset(1293,287,22);
BTset(1294,287,73);
BTset(1295,287,102);
BTset(1296,287,1);
BTset(1297,287,1);
BTset(1298,287,146);
BTset(1301,287,144);
BTset(1302,287,145);
BTset(1303,287,210);
BTset(1304,287,210);
BTset(1305,287,145);
BTset(1309,287,145);
BTset(1310,287,146);
BTset(1311,287,144);
BTset(1312,287,144);
BTset(1313,287,144);
BTset(1314,287,209);
BTset(1315,287,209);
BTset(1316,287,144);
BTset(1317,287,144);
BTset(1318,287,144);
BTset(1319,287,145);
BTset(1320,287,210);
BTset(1321,287,145);
BTset(1322,287,210);
BTset(1323,287,210);
BTset(1324,287,145);
BTset(1325,287,210);
BTset(1326,287,210);
BTset(1327,287,210);
BTset(1328,287,145);
BTset(1329,287,210);
BTset(1330,287,145);
BTset(1331,287,145);
BTset(1332,287,1);
BTset(1333,287,1);
BTset(1334,287,1);
BTset(1335,287,1);
BTset(1336,287,106);
BTset(1337,287,98);
BTset(1338,287,74);
BTset(1339,287,26);
BTset(1340,287,17);
BTset(1341,287,12);
BTset(1342,287,38);
BTset(1343,287,102);
BTset(1344,287,1);
BTset(1345,287,161);
BTset(1346,287,208);
BTset(1347,287,208);
BTset(1348,287,208);
BTset(1349,287,208);
BTset(1350,287,208);
BTset(1280,288,52);
BTset(1281,288,62);
BTset(1282,288,61);
BTset(1283,288,86);
BTset(1284,288,108);
BTset(1285,288,87);
BTset(1286,288,92);
BTset(1287,288,93);
BTset(1288,288,62);
BTset(1289,288,61);
BTset(1290,288,48);
BTset(1291,288,35);
BTset(1292,288,8);
BTset(1293,288,22);
BTset(1294,288,96);
BTset(1295,288,107);
BTset(1296,288,1);
BTset(1297,288,1);
BTset(1298,288,197);
BTset(1302,288,145);
BTset(1303,288,210);
BTset(1304,288,210);
BTset(1305,288,146);
BTset(1308,288,144);
BTset(1309,288,145);
BTset(1310,288,145);
BTset(1311,288,213);
BTset(1312,288,213);
BTset(1313,288,213);
BTset(1314,288,214);
BTset(1315,288,214);
BTset(1316,288,214);
BTset(1317,288,213);
BTset(1318,288,213);
BTset(1319,288,195);
BTset(1320,288,210);
BTset(1321,288,146);
BTset(1322,288,144);
BTset(1323,288,146);
BTset(1324,288,144);
BTset(1325,288,146);
BTset(1326,288,144);
BTset(1327,288,144);
BTset(1328,288,145);
BTset(1329,288,210);
BTset(1330,288,145);
BTset(1331,288,145);
BTset(1332,288,1);
BTset(1333,288,1);
BTset(1334,288,1);
BTset(1335,288,1);
BTset(1336,288,73);
BTset(1337,288,106);
BTset(1338,288,98);
BTset(1339,288,1);
BTset(1340,288,18);
BTset(1341,288,12);
BTset(1342,288,38);
BTset(1343,288,102);
BTset(1344,288,1);
BTset(1345,288,161);
BTset(1346,288,208);
BTset(1347,288,208);
BTset(1348,288,208);
BTset(1349,288,208);
BTset(1350,288,208);
BTset(1280,289,59);
BTset(1281,289,61);
BTset(1282,289,80);
BTset(1283,289,91);
BTset(1284,289,109);
BTset(1285,289,87);
BTset(1286,289,93);
BTset(1287,289,92);
BTset(1288,289,63);
BTset(1289,289,1);
BTset(1290,289,34);
BTset(1291,289,8);
BTset(1292,289,23);
BTset(1293,289,27);
BTset(1294,289,102);
BTset(1295,289,1);
BTset(1296,289,1);
BTset(1297,289,1);
BTset(1298,289,145);
BTset(1303,289,210);
BTset(1304,289,210);
BTset(1305,289,145);
BTset(1309,289,193);
BTset(1310,289,145);
BTset(1311,289,209);
BTset(1312,289,209);
BTset(1313,289,213);
BTset(1314,289,213);
BTset(1315,289,214);
BTset(1316,289,213);
BTset(1317,289,213);
BTset(1318,289,209);
BTset(1319,289,145);
BTset(1320,289,210);
BTset(1321,289,145);
BTset(1322,289,210);
BTset(1323,289,210);
BTset(1324,289,210);
BTset(1325,289,145);
BTset(1326,289,210);
BTset(1327,289,210);
BTset(1328,289,145);
BTset(1329,289,210);
BTset(1330,289,145);
BTset(1331,289,145);
BTset(1332,289,1);
BTset(1333,289,1);
BTset(1334,289,1);
BTset(1335,289,1);
BTset(1336,289,1);
BTset(1337,289,104);
BTset(1338,289,101);
BTset(1339,289,24);
BTset(1340,289,19);
BTset(1341,289,12);
BTset(1342,289,38);
BTset(1343,289,102);
BTset(1344,289,1);
BTset(1345,289,169);
BTset(1346,289,172);
BTset(1347,289,208);
BTset(1348,289,208);
BTset(1349,289,208);
BTset(1350,289,208);
BTset(1280,290,64);
BTset(1281,290,65);
BTset(1282,290,86);
BTset(1283,290,108);
BTset(1284,290,88);
BTset(1285,290,85);
BTset(1286,290,71);
BTset(1287,290,93);
BTset(1288,290,106);
BTset(1289,290,98);
BTset(1290,290,34);
BTset(1291,290,8);
BTset(1292,290,22);
BTset(1293,290,96);
BTset(1294,290,107);
BTset(1295,290,1);
BTset(1296,290,1);
BTset(1297,290,1);
BTset(1298,290,145);
BTset(1303,290,210);
BTset(1304,290,210);
BTset(1309,290,145);
BTset(1310,290,145);
BTset(1311,290,209);
BTset(1312,290,9);
BTset(1313,290,214);
BTset(1314,290,214);
BTset(1315,290,213);
BTset(1316,290,214);
BTset(1317,290,214);
BTset(1318,290,209);
BTset(1319,290,145);
BTset(1320,290,210);
BTset(1321,290,210);
BTset(1322,290,210);
BTset(1323,290,210);
BTset(1324,290,210);
BTset(1325,290,145);
BTset(1326,290,210);
BTset(1327,290,210);
BTset(1328,290,210);
BTset(1329,290,210);
BTset(1330,290,193);
BTset(1331,290,145);
BTset(1332,290,1);
BTset(1333,290,1);
BTset(1334,290,1);
BTset(1335,290,1);
BTset(1336,290,104);
BTset(1337,290,101);
BTset(1338,290,24);
BTset(1339,290,19);
BTset(1340,290,12);
BTset(1341,290,39);
BTset(1342,290,43);
BTset(1343,290,102);
BTset(1344,290,1);
BTset(1345,290,1);
BTset(1346,290,161);
BTset(1347,290,208);
BTset(1348,290,208);
BTset(1349,290,162);
BTset(1350,290,160);
BTset(1280,291,66);
BTset(1281,291,67);
BTset(1282,291,86);
BTset(1283,291,108);
BTset(1284,291,87);
BTset(1285,291,70);
BTset(1286,291,78);
BTset(1287,291,1);
BTset(1288,291,104);
BTset(1289,291,101);
BTset(1290,291,34);
BTset(1291,291,8);
BTset(1292,291,22);
BTset(1293,291,99);
BTset(1294,291,105);
BTset(1295,291,1);
BTset(1296,291,1);
BTset(1297,291,1);
BTset(1298,291,145);
BTset(1302,291,145);
BTset(1303,291,210);
BTset(1304,291,210);
BTset(1309,291,145);
BTset(1310,291,145);
BTset(1311,291,209);
BTset(1312,291,9);
BTset(1313,291,209);
BTset(1314,291,213);
BTset(1315,291,214);
BTset(1316,291,213);
BTset(1317,291,209);
BTset(1318,291,11);
BTset(1319,291,145);
BTset(1320,291,210);
BTset(1321,291,210);
BTset(1322,291,210);
BTset(1323,291,157);
BTset(1324,291,146);
BTset(1325,291,144);
BTset(1326,291,156);
BTset(1327,291,210);
BTset(1328,291,210);
BTset(1329,291,210);
BTset(1330,291,145);
BTset(1331,291,145);
BTset(1332,291,1);
BTset(1333,291,1);
BTset(1334,291,1);
BTset(1335,291,1);
BTset(1336,291,103);
BTset(1337,291,1);
BTset(1338,291,18);
BTset(1339,291,12);
BTset(1340,291,39);
BTset(1341,291,43);
BTset(1342,291,96);
BTset(1343,291,107);
BTset(1344,291,1);
BTset(1345,291,1);
BTset(1346,291,169);
BTset(1347,291,200);
BTset(1348,291,201);
BTset(1349,291,165);
BTset(1350,291,1);
BTset(1280,292,92);
BTset(1281,292,93);
BTset(1282,292,86);
BTset(1283,292,108);
BTset(1284,292,87);
BTset(1285,292,1);
BTset(1286,292,1);
BTset(1287,292,1);
BTset(1288,292,103);
BTset(1289,292,1);
BTset(1290,292,34);
BTset(1291,292,8);
BTset(1292,292,21);
BTset(1293,292,25);
BTset(1294,292,102);
BTset(1295,292,1);
BTset(1296,292,1);
BTset(1297,292,1);
BTset(1298,292,146);
BTset(1299,292,144);
BTset(1300,292,144);
BTset(1301,292,144);
BTset(1302,292,145);
BTset(1303,292,210);
BTset(1304,292,210);
BTset(1305,292,145);
BTset(1309,292,145);
BTset(1310,292,145);
BTset(1311,292,209);
BTset(1312,292,9);
BTset(1313,292,9);
BTset(1314,292,214);
BTset(1315,292,214);
BTset(1316,292,214);
BTset(1317,292,209);
BTset(1318,292,11);
BTset(1319,292,195);
BTset(1320,292,210);
BTset(1321,292,145);
BTset(1322,292,210);
BTset(1323,292,210);
BTset(1324,292,145);
BTset(1325,292,210);
BTset(1326,292,210);
BTset(1327,292,210);
BTset(1328,292,145);
BTset(1329,292,210);
BTset(1330,292,145);
BTset(1331,292,145);
BTset(1332,292,1);
BTset(1333,292,1);
BTset(1334,292,1);
BTset(1335,292,1);
BTset(1336,292,106);
BTset(1337,292,98);
BTset(1338,292,18);
BTset(1339,292,12);
BTset(1340,292,38);
BTset(1341,292,74);
BTset(1342,292,102);
BTset(1343,292,1);
BTset(1344,292,1);
BTset(1345,292,1);
BTset(1346,292,71);
BTset(1347,292,78);
BTset(1348,292,1);
BTset(1349,292,1);
BTset(1350,292,1);
BTset(1280,293,93);
BTset(1281,293,80);
BTset(1282,293,91);
BTset(1283,293,111);
BTset(1284,293,87);
BTset(1285,293,73);
BTset(1286,293,93);
BTset(1287,293,92);
BTset(1288,293,106);
BTset(1289,293,98);
BTset(1290,293,42);
BTset(1291,293,33);
BTset(1292,293,8);
BTset(1293,293,22);
BTset(1294,293,99);
BTset(1295,293,105);
BTset(1296,293,1);
BTset(1297,293,1);
BTset(1298,293,145);
BTset(1302,293,145);
BTset(1303,293,210);
BTset(1304,293,210);
BTset(1305,293,146);
BTset(1306,293,144);
BTset(1307,293,144);
BTset(1308,293,144);
BTset(1309,293,145);
BTset(1310,293,210);
BTset(1311,293,209);
BTset(1312,293,9);
BTset(1313,293,9);
BTset(1314,293,214);
BTset(1315,293,214);
BTset(1316,293,214);
BTset(1317,293,209);
BTset(1318,293,11);
BTset(1319,293,145);
BTset(1320,293,210);
BTset(1321,293,145);
BTset(1322,293,210);
BTset(1323,293,210);
BTset(1324,293,145);
BTset(1325,293,210);
BTset(1326,293,210);
BTset(1327,293,210);
BTset(1328,293,145);
BTset(1329,293,210);
BTset(1330,293,145);
BTset(1331,293,145);
BTset(1332,293,1);
BTset(1333,293,1);
BTset(1334,293,1);
BTset(1335,293,1);
BTset(1336,293,1);
BTset(1337,293,103);
BTset(1338,293,18);
BTset(1339,293,12);
BTset(1340,293,37);
BTset(1341,293,41);
BTset(1342,293,99);
BTset(1343,293,105);
BTset(1344,293,72);
BTset(1345,293,73);
BTset(1346,293,85);
BTset(1347,293,77);
BTset(1348,293,73);
BTset(1349,293,76);
BTset(1350,293,75);
BTset(1280,294,81);
BTset(1281,294,91);
BTset(1282,294,111);
BTset(1283,294,88);
BTset(1284,294,85);
BTset(1285,294,71);
BTset(1286,294,73);
BTset(1287,294,93);
BTset(1288,294,70);
BTset(1289,294,106);
BTset(1290,294,98);
BTset(1291,294,34);
BTset(1292,294,8);
BTset(1293,294,22);
BTset(1294,294,1);
BTset(1295,294,102);
BTset(1296,294,1);
BTset(1297,294,1);
BTset(1298,294,146);
BTset(1301,294,144);
BTset(1302,294,145);
BTset(1303,294,210);
BTset(1304,294,210);
BTset(1305,294,145);
BTset(1309,294,145);
BTset(1310,294,210);
BTset(1311,294,214);
BTset(1312,294,214);
BTset(1313,294,214);
BTset(1314,294,214);
BTset(1315,294,213);
BTset(1316,294,214);
BTset(1317,294,214);
BTset(1318,294,214);
BTset(1319,294,145);
BTset(1320,294,210);
BTset(1321,294,146);
BTset(1322,294,144);
BTset(1323,294,146);
BTset(1324,294,144);
BTset(1325,294,146);
BTset(1326,294,144);
BTset(1327,294,144);
BTset(1328,294,145);
BTset(1329,294,210);
BTset(1330,294,145);
BTset(1331,294,145);
BTset(1332,294,1);
BTset(1333,294,1);
BTset(1334,294,1);
BTset(1335,294,1);
BTset(1336,294,104);
BTset(1337,294,101);
BTset(1338,294,26);
BTset(1339,294,17);
BTset(1340,294,12);
BTset(1341,294,37);
BTset(1342,294,41);
BTset(1343,294,102);
BTset(1344,294,78);
BTset(1345,294,1);
BTset(1346,294,1);
BTset(1347,294,1);
BTset(1348,294,1);
BTset(1349,294,1);
BTset(1350,294,83);
BTset(1280,295,111);
BTset(1281,295,111);
BTset(1282,295,111);
BTset(1283,295,87);
BTset(1284,295,71);
BTset(1285,295,64);
BTset(1286,295,65);
BTset(1287,295,73);
BTset(1288,295,1);
BTset(1289,295,62);
BTset(1290,295,61);
BTset(1291,295,34);
BTset(1292,295,8);
BTset(1293,295,22);
BTset(1294,295,73);
BTset(1295,295,102);
BTset(1296,295,1);
BTset(1297,295,1);
BTset(1303,295,210);
BTset(1304,295,210);
BTset(1305,295,146);
BTset(1308,295,144);
BTset(1309,295,145);
BTset(1310,295,145);
BTset(1311,295,209);
BTset(1312,295,209);
BTset(1313,295,209);
BTset(1314,295,214);
BTset(1315,295,214);
BTset(1316,295,214);
BTset(1317,295,209);
BTset(1318,295,209);
BTset(1319,295,145);
BTset(1320,295,210);
BTset(1321,295,145);
BTset(1322,295,210);
BTset(1323,295,210);
BTset(1324,295,210);
BTset(1325,295,145);
BTset(1326,295,210);
BTset(1327,295,210);
BTset(1328,295,145);
BTset(1329,295,210);
BTset(1330,295,145);
BTset(1331,295,145);
BTset(1332,295,1);
BTset(1333,295,1);
BTset(1334,295,1);
BTset(1335,295,1);
BTset(1336,295,106);
BTset(1337,295,98);
BTset(1338,295,74);
BTset(1339,295,26);
BTset(1340,295,17);
BTset(1341,295,12);
BTset(1342,295,38);
BTset(1343,295,102);
BTset(1344,295,73);
BTset(1345,295,74);
BTset(1346,295,1);
BTset(1347,295,1);
BTset(1348,295,1);
BTset(1349,295,78);
BTset(1350,295,73);
BTset(1280,296,84);
BTset(1281,296,89);
BTset(1282,296,111);
BTset(1283,296,90);
BTset(1284,296,82);
BTset(1285,296,66);
BTset(1286,296,68);
BTset(1287,296,65);
BTset(1288,296,62);
BTset(1289,296,61);
BTset(1290,296,48);
BTset(1291,296,35);
BTset(1292,296,8);
BTset(1293,296,22);
BTset(1294,296,96);
BTset(1295,296,107);
BTset(1296,296,1);
BTset(1297,296,1);
BTset(1298,296,145);
BTset(1303,296,210);
BTset(1304,296,210);
BTset(1309,296,193);
BTset(1310,296,145);
BTset(1311,296,209);
BTset(1312,296,15);
BTset(1313,296,15);
BTset(1314,296,214);
BTset(1315,296,214);
BTset(1316,296,214);
BTset(1317,296,209);
BTset(1318,296,13);
BTset(1319,296,145);
BTset(1320,296,210);
BTset(1321,296,210);
BTset(1322,296,210);
BTset(1323,296,210);
BTset(1324,296,210);
BTset(1325,296,145);
BTset(1326,296,210);
BTset(1327,296,210);
BTset(1328,296,210);
BTset(1329,296,210);
BTset(1330,296,193);
BTset(1331,296,145);
BTset(1332,296,1);
BTset(1333,296,1);
BTset(1334,296,1);
BTset(1335,296,1);
BTset(1336,296,73);
BTset(1337,296,106);
BTset(1338,296,98);
BTset(1339,296,1);
BTset(1340,296,18);
BTset(1341,296,12);
BTset(1342,296,38);
BTset(1343,296,102);
BTset(1344,296,83);
BTset(1345,296,71);
BTset(1346,296,1);
BTset(1347,296,73);
BTset(1348,296,1);
BTset(1349,296,70);
BTset(1350,296,80);
BTset(1280,297,1);
BTset(1281,297,83);
BTset(1282,297,89);
BTset(1283,297,108);
BTset(1284,297,87);
BTset(1285,297,73);
BTset(1286,297,66);
BTset(1287,297,67);
BTset(1288,297,63);
BTset(1289,297,1);
BTset(1290,297,34);
BTset(1291,297,8);
BTset(1292,297,23);
BTset(1293,297,27);
BTset(1294,297,102);
BTset(1295,297,1);
BTset(1296,297,1);
BTset(1297,297,1);
BTset(1298,297,145);
BTset(1302,297,145);
BTset(1303,297,210);
BTset(1304,297,210);
BTset(1309,297,145);
BTset(1310,297,145);
BTset(1311,297,209);
BTset(1312,297,15);
BTset(1313,297,15);
BTset(1314,297,213);
BTset(1315,297,214);
BTset(1316,297,213);
BTset(1317,297,209);
BTset(1318,297,13);
BTset(1319,297,145);
BTset(1320,297,210);
BTset(1321,297,210);
BTset(1322,297,210);
BTset(1323,297,157);
BTset(1324,297,146);
BTset(1325,297,144);
BTset(1326,297,156);
BTset(1327,297,210);
BTset(1328,297,210);
BTset(1329,297,210);
BTset(1330,297,145);
BTset(1331,297,145);
BTset(1332,297,1);
BTset(1333,297,1);
BTset(1334,297,1);
BTset(1335,297,1);
BTset(1336,297,1);
BTset(1337,297,104);
BTset(1338,297,101);
BTset(1339,297,24);
BTset(1340,297,19);
BTset(1341,297,12);
BTset(1342,297,38);
BTset(1343,297,102);
BTset(1344,297,1);
BTset(1345,297,78);
BTset(1346,297,1);
BTset(1347,297,1);
BTset(1348,297,1);
BTset(1349,297,80);
BTset(1350,297,91);
BTset(1280,298,75);
BTset(1281,298,1);
BTset(1282,298,86);
BTset(1283,298,108);
BTset(1284,298,87);
BTset(1285,298,1);
BTset(1286,298,74);
BTset(1287,298,1);
BTset(1288,298,106);
BTset(1289,298,98);
BTset(1290,298,34);
BTset(1291,298,8);
BTset(1292,298,22);
BTset(1293,298,96);
BTset(1294,298,107);
BTset(1295,298,1);
BTset(1296,298,1);
BTset(1297,298,1);
BTset(1298,298,145);
BTset(1302,298,145);
BTset(1303,298,210);
BTset(1304,298,210);
BTset(1305,298,145);
BTset(1309,298,145);
BTset(1310,298,145);
BTset(1311,298,209);
BTset(1312,298,15);
BTset(1313,298,15);
BTset(1314,298,214);
BTset(1315,298,213);
BTset(1316,298,214);
BTset(1317,298,209);
BTset(1318,298,13);
BTset(1319,298,145);
BTset(1320,298,210);
BTset(1321,298,145);
BTset(1322,298,210);
BTset(1323,298,210);
BTset(1324,298,145);
BTset(1325,298,210);
BTset(1326,298,210);
BTset(1327,298,210);
BTset(1328,298,145);
BTset(1329,298,210);
BTset(1330,298,145);
BTset(1331,298,145);
BTset(1332,298,1);
BTset(1333,298,1);
BTset(1334,298,1);
BTset(1335,298,1);
BTset(1336,298,104);
BTset(1337,298,101);
BTset(1338,298,24);
BTset(1339,298,19);
BTset(1340,298,12);
BTset(1341,298,39);
BTset(1342,298,43);
BTset(1343,298,102);
BTset(1344,298,74);
BTset(1345,298,1);
BTset(1346,298,1);
BTset(1347,298,1);
BTset(1348,298,80);
BTset(1349,298,91);
BTset(1350,298,108);
BTset(1280,299,1);
BTset(1281,299,1);
BTset(1282,299,86);
BTset(1283,299,108);
BTset(1284,299,87);
BTset(1285,299,1);
BTset(1286,299,1);
BTset(1287,299,1);
BTset(1288,299,104);
BTset(1289,299,101);
BTset(1290,299,34);
BTset(1291,299,8);
BTset(1292,299,22);
BTset(1293,299,99);
BTset(1294,299,105);
BTset(1295,299,1);
BTset(1296,299,146);
BTset(1297,299,194);
BTset(1298,299,144);
BTset(1299,299,144);
BTset(1300,299,144);
BTset(1301,299,144);
BTset(1302,299,149);
BTset(1303,299,210);
BTset(1304,299,210);
BTset(1305,299,145);
BTset(1309,299,145);
BTset(1310,299,145);
BTset(1311,299,209);
BTset(1312,299,15);
BTset(1313,299,213);
BTset(1314,299,213);
BTset(1315,299,214);
BTset(1316,299,213);
BTset(1317,299,213);
BTset(1318,299,209);
BTset(1319,299,145);
BTset(1320,299,210);
BTset(1321,299,145);
BTset(1322,299,210);
BTset(1323,299,210);
BTset(1324,299,145);
BTset(1325,299,210);
BTset(1326,299,210);
BTset(1327,299,210);
BTset(1328,299,145);
BTset(1329,299,213);
BTset(1330,299,148);
BTset(1331,299,194);
BTset(1332,299,152);
BTset(1333,299,1);
BTset(1334,299,1);
BTset(1335,299,1);
BTset(1336,299,103);
BTset(1337,299,1);
BTset(1338,299,18);
BTset(1339,299,12);
BTset(1340,299,39);
BTset(1341,299,43);
BTset(1342,299,96);
BTset(1343,299,107);
BTset(1344,299,83);
BTset(1345,299,1);
BTset(1346,299,1);
BTset(1347,299,74);
BTset(1348,299,86);
BTset(1349,299,108);
BTset(1350,299,108);
BTset(1280,300,75);
BTset(1281,300,74);
BTset(1282,300,86);
BTset(1283,300,108);
BTset(1284,300,87);
BTset(1285,300,78);
BTset(1286,300,77);
BTset(1287,300,76);
BTset(1288,300,103);
BTset(1289,300,1);
BTset(1290,300,34);
BTset(1291,300,8);
BTset(1292,300,21);
BTset(1293,300,25);
BTset(1294,300,102);
BTset(1295,300,146);
BTset(1296,300,149);
BTset(1297,300,213);
BTset(1298,300,214);
BTset(1299,300,213);
BTset(1300,300,214);
BTset(1301,300,213);
BTset(1302,300,210);
BTset(1303,300,210);
BTset(1304,300,210);
BTset(1305,300,157);
BTset(1306,300,144);
BTset(1307,300,144);
BTset(1308,300,144);
BTset(1309,300,145);
BTset(1310,300,146);
BTset(1311,300,144);
BTset(1312,300,144);
BTset(1313,300,213);
BTset(1314,300,214);
BTset(1315,300,214);
BTset(1316,300,214);
BTset(1317,300,144);
BTset(1318,300,144);
BTset(1319,300,195);
BTset(1320,300,210);
BTset(1321,300,157);
BTset(1322,300,144);
BTset(1323,300,144);
BTset(1324,300,144);
BTset(1325,300,144);
BTset(1326,300,144);
BTset(1327,300,144);
BTset(1328,300,149);
BTset(1329,300,213);
BTset(1330,300,214);
BTset(1331,300,213);
BTset(1332,300,148);
BTset(1333,300,152);
BTset(1334,300,1);
BTset(1335,300,1);
BTset(1336,300,106);
BTset(1337,300,98);
BTset(1338,300,18);
BTset(1339,300,12);
BTset(1340,300,38);
BTset(1341,300,74);
BTset(1342,300,102);
BTset(1343,300,1);
BTset(1344,300,73);
BTset(1345,300,1);
BTset(1346,300,1);
BTset(1347,300,73);
BTset(1348,300,83);
BTset(1349,300,89);
BTset(1350,300,108);
BTset(1280,301,74);
BTset(1281,301,74);
BTset(1282,301,86);
BTset(1283,301,111);
BTset(1284,301,90);
BTset(1285,301,82);
BTset(1286,301,76);
BTset(1287,301,78);
BTset(1288,301,106);
BTset(1289,301,98);
BTset(1290,301,42);
BTset(1291,301,33);
BTset(1292,301,8);
BTset(1293,301,22);
BTset(1294,301,99);
BTset(1295,301,199);
BTset(1296,301,213);
BTset(1297,301,214);
BTset(1298,301,213);
BTset(1299,301,214);
BTset(1300,301,213);
BTset(1301,301,213);
BTset(1302,301,210);
BTset(1303,301,210);
BTset(1304,301,210);
BTset(1305,301,210);
BTset(1306,301,210);
BTset(1307,301,210);
BTset(1308,301,210);
BTset(1309,301,193);
BTset(1310,301,145);
BTset(1311,301,71);
BTset(1312,301,78);
BTset(1313,301,1);
BTset(1314,301,86);
BTset(1315,301,108);
BTset(1316,301,87);
BTset(1317,301,1);
BTset(1318,301,78);
BTset(1319,301,145);
BTset(1320,301,210);
BTset(1321,301,210);
BTset(1322,301,210);
BTset(1323,301,210);
BTset(1324,301,210);
BTset(1325,301,210);
BTset(1326,301,210);
BTset(1327,301,213);
BTset(1328,301,214);
BTset(1329,301,213);
BTset(1330,301,213);
BTset(1331,301,214);
BTset(1332,301,213);
BTset(1333,301,199);
BTset(1334,301,152);
BTset(1335,301,1);
BTset(1336,301,1);
BTset(1337,301,103);
BTset(1338,301,18);
BTset(1339,301,12);
BTset(1340,301,37);
BTset(1341,301,41);
BTset(1342,301,99);
BTset(1343,301,105);
BTset(1344,301,74);
BTset(1345,301,1);
BTset(1346,301,1);
BTset(1347,301,73);
BTset(1348,301,78);
BTset(1349,301,86);
BTset(1350,301,108);
BTset(1280,302,53);
BTset(1281,302,74);
BTset(1282,302,83);
BTset(1283,302,89);
BTset(1284,302,111);
BTset(1285,302,87);
BTset(1286,302,78);
BTset(1287,302,76);
BTset(1288,302,70);
BTset(1289,302,106);
BTset(1290,302,98);
BTset(1291,302,34);
BTset(1292,302,8);
BTset(1293,302,22);
BTset(1294,302,1);
BTset(1295,302,199);
BTset(1296,302,214);
BTset(1297,302,213);
BTset(1298,302,214);
BTset(1299,302,213);
BTset(1300,302,214);
BTset(1301,302,146);
BTset(1302,302,144);
BTset(1303,302,144);
BTset(1304,302,192);
BTset(1305,302,144);
BTset(1306,302,144);
BTset(1307,302,144);
BTset(1308,302,192);
BTset(1309,302,149);
BTset(1310,302,145);
BTset(1311,302,78);
BTset(1312,302,1);
BTset(1313,302,1);
BTset(1314,302,86);
BTset(1315,302,108);
BTset(1316,302,87);
BTset(1317,302,1);
BTset(1318,302,1);
BTset(1319,302,153);
BTset(1320,302,144);
BTset(1321,302,192);
BTset(1322,302,144);
BTset(1323,302,144);
BTset(1324,302,144);
BTset(1325,302,144);
BTset(1326,302,144);
BTset(1327,302,147);
BTset(1328,302,213);
BTset(1329,302,214);
BTset(1330,302,213);
BTset(1331,302,213);
BTset(1332,302,213);
BTset(1333,302,199);
BTset(1334,302,193);
BTset(1335,302,1);
BTset(1336,302,104);
BTset(1337,302,101);
BTset(1338,302,26);
BTset(1339,302,17);
BTset(1340,302,12);
BTset(1341,302,37);
BTset(1342,302,41);
BTset(1343,302,102);
BTset(1344,302,1);
BTset(1345,302,73);
BTset(1346,302,1);
BTset(1347,302,74);
BTset(1348,302,94);
BTset(1349,302,86);
BTset(1350,302,108);
BTset(1280,303,52);
BTset(1281,303,74);
BTset(1282,303,63);
BTset(1283,303,86);
BTset(1284,303,108);
BTset(1285,303,87);
BTset(1286,303,93);
BTset(1287,303,93);
BTset(1288,303,1);
BTset(1289,303,62);
BTset(1290,303,61);
BTset(1291,303,34);
BTset(1292,303,8);
BTset(1293,303,22);
BTset(1294,303,73);
BTset(1295,303,199);
BTset(1296,303,213);
BTset(1297,303,214);
BTset(1298,303,213);
BTset(1299,303,214);
BTset(1300,303,213);
BTset(1301,303,193);
BTset(1302,303,146);
BTset(1303,303,144);
BTset(1304,303,144);
BTset(1305,303,144);
BTset(1306,303,144);
BTset(1307,303,144);
BTset(1308,303,144);
BTset(1309,303,144);
BTset(1310,303,149);
BTset(1311,303,1);
BTset(1312,303,1);
BTset(1313,303,1);
BTset(1314,303,86);
BTset(1315,303,108);
BTset(1316,303,87);
BTset(1317,303,1);
BTset(1318,303,1);
BTset(1319,303,1);
BTset(1320,303,153);
BTset(1321,303,144);
BTset(1322,303,144);
BTset(1323,303,144);
BTset(1324,303,144);
BTset(1325,303,144);
BTset(1326,303,144);
BTset(1327,303,195);
BTset(1328,303,213);
BTset(1329,303,213);
BTset(1330,303,214);
BTset(1331,303,213);
BTset(1332,303,213);
BTset(1333,303,199);
BTset(1334,303,145);
BTset(1335,303,1);
BTset(1336,303,106);
BTset(1337,303,98);
BTset(1338,303,74);
BTset(1339,303,26);
BTset(1340,303,17);
BTset(1341,303,12);
BTset(1342,303,38);
BTset(1343,303,102);
BTset(1344,303,1);
BTset(1345,303,1);
BTset(1346,303,74);
BTset(1347,303,1);
BTset(1348,303,80);
BTset(1349,303,91);
BTset(1350,303,108);
BTset(1280,304,52);
BTset(1281,304,62);
BTset(1282,304,61);
BTset(1283,304,86);
BTset(1284,304,108);
BTset(1285,304,87);
BTset(1286,304,92);
BTset(1287,304,93);
BTset(1288,304,62);
BTset(1289,304,61);
BTset(1290,304,48);
BTset(1291,304,35);
BTset(1292,304,8);
BTset(1293,304,22);
BTset(1294,304,96);
BTset(1295,304,153);
BTset(1296,304,147);
BTset(1297,304,213);
BTset(1298,304,214);
BTset(1299,304,213);
BTset(1300,304,146);
BTset(1301,304,149);
BTset(1302,304,193);
BTset(1303,304,1);
BTset(1304,304,1);
BTset(1305,304,1);
BTset(1306,304,1);
BTset(1307,304,1);
BTset(1308,304,1);
BTset(1309,304,1);
BTset(1310,304,1);
BTset(1311,304,80);
BTset(1312,304,81);
BTset(1313,304,81);
BTset(1314,304,91);
BTset(1315,304,108);
BTset(1316,304,90);
BTset(1317,304,81);
BTset(1318,304,81);
BTset(1319,304,82);
BTset(1320,304,1);
BTset(1321,304,1);
BTset(1322,304,1);
BTset(1323,304,1);
BTset(1324,304,1);
BTset(1325,304,1);
BTset(1326,304,1);
BTset(1327,304,153);
BTset(1328,304,147);
BTset(1329,304,213);
BTset(1330,304,213);
BTset(1331,304,214);
BTset(1332,304,146);
BTset(1333,304,149);
BTset(1334,304,193);
BTset(1335,304,1);
BTset(1336,304,73);
BTset(1337,304,106);
BTset(1338,304,98);
BTset(1339,304,1);
BTset(1340,304,18);
BTset(1341,304,12);
BTset(1342,304,38);
BTset(1343,304,102);
BTset(1344,304,93);
BTset(1345,304,1);
BTset(1346,304,1);
BTset(1347,304,1);
BTset(1348,304,86);
BTset(1349,304,95);
BTset(1350,304,108);
BTset(1280,305,59);
BTset(1281,305,61);
BTset(1282,305,80);
BTset(1283,305,91);
BTset(1284,305,109);
BTset(1285,305,87);
BTset(1286,305,93);
BTset(1287,305,92);
BTset(1288,305,63);
BTset(1289,305,1);
BTset(1290,305,34);
BTset(1291,305,8);
BTset(1292,305,23);
BTset(1293,305,27);
BTset(1294,305,102);
BTset(1295,305,1);
BTset(1296,305,153);
BTset(1297,305,198);
BTset(1298,305,198);
BTset(1299,305,198);
BTset(1300,305,149);
BTset(1301,305,146);
BTset(1302,305,149);
BTset(1303,305,1);
BTset(1304,305,1);
BTset(1305,305,1);
BTset(1306,305,1);
BTset(1307,305,1);
BTset(1308,305,1);
BTset(1309,305,1);
BTset(1310,305,1);
BTset(1311,305,86);
BTset(1312,305,88);
BTset(1313,305,84);
BTset(1314,305,89);
BTset(1315,305,108);
BTset(1316,305,88);
BTset(1317,305,84);
BTset(1318,305,89);
BTset(1319,305,87);
BTset(1320,305,1);
BTset(1321,305,1);
BTset(1322,305,1);
BTset(1323,305,1);
BTset(1324,305,1);
BTset(1325,305,1);
BTset(1326,305,1);
BTset(1327,305,1);
BTset(1328,305,153);
BTset(1329,305,198);
BTset(1330,305,198);
BTset(1331,305,198);
BTset(1332,305,149);
BTset(1333,305,146);
BTset(1334,305,149);
BTset(1335,305,1);
BTset(1336,305,1);
BTset(1337,305,104);
BTset(1338,305,101);
BTset(1339,305,24);
BTset(1340,305,19);
BTset(1341,305,12);
BTset(1342,305,38);
BTset(1343,305,102);
BTset(1344,305,1);
BTset(1345,305,1);
BTset(1346,305,73);
BTset(1347,305,79);
BTset(1348,305,86);
BTset(1349,305,108);
BTset(1350,305,108);
BTset(1280,306,64);
BTset(1281,306,65);
BTset(1282,306,86);
BTset(1283,306,108);
BTset(1284,306,88);
BTset(1285,306,85);
BTset(1286,306,71);
BTset(1287,306,93);
BTset(1288,306,106);
BTset(1289,306,98);
BTset(1290,306,34);
BTset(1291,306,8);
BTset(1292,306,22);
BTset(1293,306,96);
BTset(1294,306,107);
BTset(1295,306,1);
BTset(1296,306,1);
BTset(1297,306,153);
BTset(1298,306,192);
BTset(1299,306,144);
BTset(1300,306,192);
BTset(1301,306,149);
BTset(1302,306,1);
BTset(1303,306,1);
BTset(1304,306,1);
BTset(1305,306,1);
BTset(1306,306,1);
BTset(1307,306,1);
BTset(1308,306,1);
BTset(1309,306,71);
BTset(1310,306,146);
BTset(1311,306,86);
BTset(1312,306,87);
BTset(1313,306,152);
BTset(1314,306,86);
BTset(1315,306,108);
BTset(1316,306,87);
BTset(1317,306,146);
BTset(1318,306,86);
BTset(1319,306,87);
BTset(1320,306,152);
BTset(1321,306,1);
BTset(1322,306,1);
BTset(1323,306,1);
BTset(1324,306,1);
BTset(1325,306,1);
BTset(1326,306,1);
BTset(1327,306,1);
BTset(1328,306,1);
BTset(1329,306,153);
BTset(1330,306,192);
BTset(1331,306,144);
BTset(1332,306,192);
BTset(1333,306,149);
BTset(1334,306,1);
BTset(1335,306,1);
BTset(1336,306,104);
BTset(1337,306,101);
BTset(1338,306,24);
BTset(1339,306,19);
BTset(1340,306,12);
BTset(1341,306,39);
BTset(1342,306,43);
BTset(1343,306,102);
BTset(1344,306,73);
BTset(1345,306,76);
BTset(1346,306,94);
BTset(1347,306,74);
BTset(1348,306,86);
BTset(1349,306,108);
BTset(1350,306,108);
BTset(1280,307,66);
BTset(1281,307,67);
BTset(1282,307,86);
BTset(1283,307,108);
BTset(1284,307,87);
BTset(1285,307,70);
BTset(1286,307,78);
BTset(1287,307,1);
BTset(1288,307,104);
BTset(1289,307,101);
BTset(1290,307,34);
BTset(1291,307,8);
BTset(1292,307,22);
BTset(1293,307,99);
BTset(1294,307,105);
BTset(1295,307,1);
BTset(1296,307,1);
BTset(1297,307,70);
BTset(1298,307,1);
BTset(1299,307,1);
BTset(1300,307,1);
BTset(1301,307,1);
BTset(1302,307,1);
BTset(1303,307,70);
BTset(1304,307,1);
BTset(1305,307,1);
BTset(1306,307,1);
BTset(1307,307,1);
BTset(1308,307,1);
BTset(1309,307,1);
BTset(1310,307,195);
BTset(1311,307,210);
BTset(1312,307,210);
BTset(1313,307,193);
BTset(1314,307,86);
BTset(1315,307,108);
BTset(1316,307,87);
BTset(1317,307,195);
BTset(1318,307,210);
BTset(1319,307,210);
BTset(1320,307,193);
BTset(1321,307,1);
BTset(1322,307,1);
BTset(1323,307,1);
BTset(1324,307,1);
BTset(1325,307,1);
BTset(1326,307,1);
BTset(1327,307,1);
BTset(1328,307,1);
BTset(1329,307,1);
BTset(1330,307,1);
BTset(1331,307,1);
BTset(1332,307,1);
BTset(1333,307,1);
BTset(1334,307,1);
BTset(1335,307,1);
BTset(1336,307,103);
BTset(1337,307,1);
BTset(1338,307,18);
BTset(1339,307,12);
BTset(1340,307,39);
BTset(1341,307,43);
BTset(1342,307,96);
BTset(1343,307,107);
BTset(1344,307,73);
BTset(1345,307,73);
BTset(1346,307,78);
BTset(1347,307,73);
BTset(1348,307,86);
BTset(1349,307,108);
BTset(1350,307,108);
BTset(1280,308,75);
BTset(1281,308,74);
BTset(1282,308,86);
BTset(1283,308,108);
BTset(1284,308,87);
BTset(1285,308,78);
BTset(1286,308,77);
BTset(1287,308,76);
BTset(1288,308,103);
BTset(1289,308,1);
BTset(1290,308,34);
BTset(1291,308,8);
BTset(1292,308,21);
BTset(1293,308,25);
BTset(1294,308,99);
BTset(1295,308,100);
BTset(1296,308,105);
BTset(1297,308,1);
BTset(1298,308,104);
BTset(1299,308,100);
BTset(1300,308,100);
BTset(1301,308,100);
BTset(1302,308,100);
BTset(1303,308,100);
BTset(1304,308,105);
BTset(1305,308,1);
BTset(1306,308,62);
BTset(1307,308,60);
BTset(1308,308,60);
BTset(1309,308,61);
BTset(1310,308,145);
BTset(1311,308,210);
BTset(1312,308,210);
BTset(1313,308,146);
BTset(1314,308,86);
BTset(1315,308,108);
BTset(1316,308,144);
BTset(1317,308,145);
BTset(1318,308,210);
BTset(1319,308,210);
BTset(1320,308,145);
BTset(1321,308,1);
BTset(1322,308,1);
BTset(1323,308,1);
BTset(1324,308,1);
BTset(1325,308,1);
BTset(1326,308,1);
BTset(1327,308,104);
BTset(1328,308,105);
BTset(1329,308,1);
BTset(1330,308,104);
BTset(1331,308,100);
BTset(1332,308,100);
BTset(1333,308,100);
BTset(1334,308,100);
BTset(1335,308,100);
BTset(1336,308,101);
BTset(1337,308,77);
BTset(1338,308,18);
BTset(1339,308,12);
BTset(1340,308,37);
BTset(1341,308,41);
BTset(1342,308,102);
BTset(1343,308,1);
BTset(1344,308,73);
BTset(1345,308,1);
BTset(1346,308,1);
BTset(1347,308,73);
BTset(1348,308,83);
BTset(1349,308,89);
BTset(1350,308,108);
BTset(1280,309,74);
BTset(1281,309,74);
BTset(1282,309,86);
BTset(1283,309,111);
BTset(1284,309,90);
BTset(1285,309,82);
BTset(1286,309,76);
BTset(1287,309,78);
BTset(1288,309,106);
BTset(1289,309,98);
BTset(1290,309,42);
BTset(1291,309,33);
BTset(1292,309,15);
BTset(1293,309,22);
BTset(1294,309,76);
BTset(1295,309,77);
BTset(1296,309,99);
BTset(1297,309,100);
BTset(1298,309,101);
BTset(1299,309,24);
BTset(1300,309,20);
BTset(1301,309,20);
BTset(1302,309,25);
BTset(1303,309,1);
BTset(1304,309,99);
BTset(1305,309,60);
BTset(1306,309,61);
BTset(1307,309,1);
BTset(1308,309,1);
BTset(1309,309,70);
BTset(1310,309,153);
BTset(1311,309,192);
BTset(1312,309,207);
BTset(1313,309,149);
BTset(1314,309,86);
BTset(1315,309,108);
BTset(1316,309,87);
BTset(1317,309,153);
BTset(1318,309,207);
BTset(1319,309,192);
BTset(1320,309,149);
BTset(1321,309,1);
BTset(1322,309,1);
BTset(1323,309,1);
BTset(1324,309,104);
BTset(1325,309,100);
BTset(1326,309,100);
BTset(1327,309,101);
BTset(1328,309,99);
BTset(1329,309,100);
BTset(1330,309,101);
BTset(1331,309,24);
BTset(1332,309,20);
BTset(1333,309,20);
BTset(1334,309,25);
BTset(1335,309,1);
BTset(1336,309,1);
BTset(1337,309,1);
BTset(1338,309,26);
BTset(1339,309,17);
BTset(1340,309,11);
BTset(1341,309,38);
BTset(1342,309,99);
BTset(1343,309,105);
BTset(1344,309,74);
BTset(1345,309,1);
BTset(1346,309,1);
BTset(1347,309,73);
BTset(1348,309,78);
BTset(1349,309,86);
BTset(1350,309,108);
BTset(1280,310,53);
BTset(1281,310,74);
BTset(1282,310,83);
BTset(1283,310,89);
BTset(1284,310,111);
BTset(1285,310,87);
BTset(1286,310,78);
BTset(1287,310,76);
BTset(1288,310,1);
BTset(1289,310,103);
BTset(1290,310,1);
BTset(1291,310,34);
BTset(1292,310,8);
BTset(1293,310,22);
BTset(1294,310,24);
BTset(1295,310,20);
BTset(1296,310,20);
BTset(1297,310,20);
BTset(1298,310,20);
BTset(1299,310,19);
BTset(1300,310,14);
BTset(1301,310,14);
BTset(1302,310,21);
BTset(1303,310,20);
BTset(1304,310,20);
BTset(1305,310,20);
BTset(1306,310,20);
BTset(1307,310,20);
BTset(1308,310,25);
BTset(1309,310,1);
BTset(1310,310,48);
BTset(1311,310,20);
BTset(1312,310,20);
BTset(1313,310,20);
BTset(1314,310,30);
BTset(1315,310,30);
BTset(1316,310,30);
BTset(1317,310,20);
BTset(1318,310,20);
BTset(1319,310,20);
BTset(1320,310,49);
BTset(1321,310,60);
BTset(1322,310,60);
BTset(1323,310,100);
BTset(1324,310,101);
BTset(1325,310,24);
BTset(1326,310,20);
BTset(1327,310,20);
BTset(1328,310,20);
BTset(1329,310,20);
BTset(1330,310,20);
BTset(1331,310,19);
BTset(1332,310,14);
BTset(1333,310,14);
BTset(1334,310,21);
BTset(1335,310,20);
BTset(1336,310,20);
BTset(1337,310,25);
BTset(1338,310,4);
BTset(1339,310,18);
BTset(1340,310,12);
BTset(1341,310,38);
BTset(1342,310,75);
BTset(1343,310,102);
BTset(1344,310,1);
BTset(1345,310,73);
BTset(1346,310,1);
BTset(1347,310,74);
BTset(1348,310,94);
BTset(1349,310,86);
BTset(1350,310,108);
BTset(1280,311,52);
BTset(1281,311,74);
BTset(1282,311,63);
BTset(1283,311,86);
BTset(1284,311,108);
BTset(1285,311,87);
BTset(1286,311,93);
BTset(1287,311,93);
BTset(1288,311,1);
BTset(1289,311,106);
BTset(1290,311,98);
BTset(1291,311,34);
BTset(1292,311,14);
BTset(1293,311,21);
BTset(1294,311,19);
BTset(1295,311,14);
BTset(1296,311,14);
BTset(1297,311,14);
BTset(1298,311,14);
BTset(1299,311,13);
BTset(1300,311,39);
BTset(1301,311,33);
BTset(1302,311,14);
BTset(1303,311,14);
BTset(1304,311,14);
BTset(1305,311,14);
BTset(1306,311,14);
BTset(1307,311,14);
BTset(1308,311,21);
BTset(1309,311,20);
BTset(1310,311,19);
BTset(1311,311,14);
BTset(1312,311,14);
BTset(1313,311,14);
BTset(1314,311,14);
BTset(1315,311,14);
BTset(1316,311,14);
BTset(1317,311,14);
BTset(1318,311,14);
BTset(1319,311,14);
BTset(1320,311,21);
BTset(1321,311,20);
BTset(1322,311,20);
BTset(1323,311,20);
BTset(1324,311,20);
BTset(1325,311,19);
BTset(1326,311,14);
BTset(1327,311,14);
BTset(1328,311,14);
BTset(1329,311,14);
BTset(1330,311,14);
BTset(1331,311,13);
BTset(1332,311,39);
BTset(1333,311,33);
BTset(1334,311,14);
BTset(1335,311,14);
BTset(1336,311,14);
BTset(1337,311,21);
BTset(1338,311,20);
BTset(1339,311,19);
BTset(1340,311,12);
BTset(1341,311,38);
BTset(1342,311,74);
BTset(1343,311,102);
BTset(1344,311,1);
BTset(1345,311,1);
BTset(1346,311,74);
BTset(1347,311,1);
BTset(1348,311,80);
BTset(1349,311,91);
BTset(1350,311,108);
BTset(1280,312,52);
BTset(1281,312,62);
BTset(1282,312,61);
BTset(1283,312,86);
BTset(1284,312,108);
BTset(1285,312,87);
BTset(1286,312,92);
BTset(1287,312,93);
BTset(1288,312,1);
BTset(1289,312,71);
BTset(1290,312,103);
BTset(1291,312,42);
BTset(1292,312,33);
BTset(1293,312,14);
BTset(1294,312,14);
BTset(1295,312,39);
BTset(1296,312,32);
BTset(1297,312,32);
BTset(1298,312,33);
BTset(1299,312,39);
BTset(1300,312,43);
BTset(1301,312,42);
BTset(1302,312,32);
BTset(1303,312,32);
BTset(1304,312,33);
BTset(1305,312,15);
BTset(1306,312,14);
BTset(1307,312,14);
BTset(1308,312,14);
BTset(1309,312,14);
BTset(1310,312,14);
BTset(1311,312,14);
BTset(1312,312,14);
BTset(1313,312,14);
BTset(1314,312,14);
BTset(1315,312,14);
BTset(1316,312,14);
BTset(1317,312,14);
BTset(1318,312,14);
BTset(1319,312,14);
BTset(1320,312,14);
BTset(1321,312,14);
BTset(1322,312,14);
BTset(1323,312,14);
BTset(1324,312,14);
BTset(1325,312,14);
BTset(1326,312,39);
BTset(1327,312,32);
BTset(1328,312,32);
BTset(1329,312,32);
BTset(1330,312,33);
BTset(1331,312,39);
BTset(1332,312,43);
BTset(1333,312,42);
BTset(1334,312,32);
BTset(1335,312,32);
BTset(1336,312,33);
BTset(1337,312,15);
BTset(1338,312,14);
BTset(1339,312,13);
BTset(1340,312,39);
BTset(1341,312,43);
BTset(1342,312,96);
BTset(1343,312,107);
BTset(1344,312,93);
BTset(1345,312,1);
BTset(1346,312,1);
BTset(1347,312,1);
BTset(1348,312,86);
BTset(1349,312,95);
BTset(1350,312,108);
BTset(1280,313,59);
BTset(1281,313,61);
BTset(1282,313,80);
BTset(1283,313,91);
BTset(1284,313,109);
BTset(1285,313,87);
BTset(1286,313,93);
BTset(1287,313,92);
BTset(1288,313,1);
BTset(1289,313,70);
BTset(1290,313,106);
BTset(1291,313,98);
BTset(1292,313,42);
BTset(1293,313,32);
BTset(1294,313,32);
BTset(1295,313,43);
BTset(1296,313,1);
BTset(1297,313,1);
BTset(1298,313,42);
BTset(1299,313,43);
BTset(1300,313,74);
BTset(1301,313,1);
BTset(1302,313,1);
BTset(1303,313,1);
BTset(1304,313,42);
BTset(1305,313,32);
BTset(1306,313,33);
BTset(1307,313,15);
BTset(1308,313,14);
BTset(1309,313,14);
BTset(1310,313,14);
BTset(1311,313,14);
BTset(1312,313,14);
BTset(1313,313,14);
BTset(1314,313,14);
BTset(1315,313,14);
BTset(1316,313,14);
BTset(1317,313,14);
BTset(1318,313,14);
BTset(1319,313,14);
BTset(1320,313,14);
BTset(1321,313,14);
BTset(1322,313,14);
BTset(1323,313,13);
BTset(1324,313,39);
BTset(1325,313,32);
BTset(1326,313,43);
BTset(1327,313,1);
BTset(1328,313,1);
BTset(1329,313,1);
BTset(1330,313,42);
BTset(1331,313,43);
BTset(1332,313,74);
BTset(1333,313,1);
BTset(1334,313,1);
BTset(1335,313,1);
BTset(1336,313,42);
BTset(1337,313,33);
BTset(1338,313,14);
BTset(1339,313,39);
BTset(1340,313,43);
BTset(1341,313,96);
BTset(1342,313,107);
BTset(1343,313,1);
BTset(1344,313,1);
BTset(1345,313,1);
BTset(1346,313,73);
BTset(1347,313,79);
BTset(1348,313,86);
BTset(1349,313,108);
BTset(1350,313,108);
BTset(1280,314,64);
BTset(1281,314,65);
BTset(1282,314,86);
BTset(1283,314,108);
BTset(1284,314,88);
BTset(1285,314,85);
BTset(1286,314,71);
BTset(1287,314,93);
BTset(1288,314,1);
BTset(1289,314,1);
BTset(1290,314,71);
BTset(1291,314,106);
BTset(1292,314,98);
BTset(1293,314,77);
BTset(1294,314,96);
BTset(1295,314,97);
BTset(1296,314,97);
BTset(1297,314,98);
BTset(1298,314,1);
BTset(1299,314,1);
BTset(1300,314,96);
BTset(1301,314,97);
BTset(1302,314,97);
BTset(1303,314,97);
BTset(1304,314,98);
BTset(1305,314,1);
BTset(1306,314,42);
BTset(1307,314,32);
BTset(1308,314,32);
BTset(1309,314,32);
BTset(1310,314,32);
BTset(1311,314,32);
BTset(1312,314,32);
BTset(1313,314,44);
BTset(1314,314,44);
BTset(1315,314,44);
BTset(1316,314,44);
BTset(1317,314,44);
BTset(1318,314,32);
BTset(1319,314,32);
BTset(1320,314,32);
BTset(1321,314,32);
BTset(1322,314,32);
BTset(1323,314,32);
BTset(1324,314,43);
BTset(1325,314,1);
BTset(1326,314,96);
BTset(1327,314,97);
BTset(1328,314,97);
BTset(1329,314,98);
BTset(1330,314,1);
BTset(1331,314,1);
BTset(1332,314,96);
BTset(1333,314,97);
BTset(1334,314,97);
BTset(1335,314,97);
BTset(1336,314,98);
BTset(1337,314,42);
BTset(1338,314,32);
BTset(1339,314,43);
BTset(1340,314,96);
BTset(1341,314,107);
BTset(1342,314,1);
BTset(1343,314,1);
BTset(1344,314,73);
BTset(1345,314,76);
BTset(1346,314,94);
BTset(1347,314,74);
BTset(1348,314,86);
BTset(1349,314,108);
BTset(1350,314,108);
BTset(1280,315,66);
BTset(1281,315,67);
BTset(1282,315,86);
BTset(1283,315,108);
BTset(1284,315,87);
BTset(1285,315,70);
BTset(1286,315,78);
BTset(1287,315,1);
BTset(1288,315,1);
BTset(1289,315,1);
BTset(1290,315,1);
BTset(1291,315,1);
BTset(1292,315,106);
BTset(1293,315,97);
BTset(1294,315,107);
BTset(1295,315,1);
BTset(1296,315,62);
BTset(1297,315,106);
BTset(1298,315,97);
BTset(1299,315,97);
BTset(1300,315,107);
BTset(1301,315,1);
BTset(1302,315,73);
BTset(1303,315,74);
BTset(1304,315,106);
BTset(1305,315,97);
BTset(1306,315,97);
BTset(1307,315,55);
BTset(1308,315,1);
BTset(1309,315,1);
BTset(1310,315,73);
BTset(1311,315,1);
BTset(1312,315,1);
BTset(1313,315,86);
BTset(1314,315,108);
BTset(1315,315,108);
BTset(1316,315,108);
BTset(1317,315,87);
BTset(1318,315,1);
BTset(1319,315,1);
BTset(1320,315,1);
BTset(1321,315,74);
BTset(1322,315,1);
BTset(1323,315,96);
BTset(1324,315,97);
BTset(1325,315,97);
BTset(1326,315,107);
BTset(1327,315,73);
BTset(1328,315,62);
BTset(1329,315,106);
BTset(1330,315,97);
BTset(1331,315,97);
BTset(1332,315,107);
BTset(1333,315,1);
BTset(1334,315,73);
BTset(1335,315,74);
BTset(1336,315,106);
BTset(1337,315,97);
BTset(1338,315,97);
BTset(1339,315,97);
BTset(1340,315,107);
BTset(1341,315,1);
BTset(1342,315,73);
BTset(1343,315,1);
BTset(1344,315,73);
BTset(1345,315,73);
BTset(1346,315,78);
BTset(1347,315,73);
BTset(1348,315,86);
BTset(1349,315,108);
BTset(1350,315,108);
BTset(1280,316,1);
BTset(1281,316,1);
BTset(1282,316,86);
BTset(1283,316,108);
BTset(1284,316,87);
BTset(1285,316,78);
BTset(1286,316,64);
BTset(1287,316,65);
BTset(1288,316,1);
BTset(1289,316,1);
BTset(1290,316,1);
BTset(1291,316,146);
BTset(1292,316,144);
BTset(1293,316,144);
BTset(1294,316,144);
BTset(1295,316,144);
BTset(1296,316,144);
BTset(1297,316,144);
BTset(1298,316,144);
BTset(1299,316,144);
BTset(1300,316,144);
BTset(1301,316,144);
BTset(1302,316,144);
BTset(1303,316,152);
BTset(1304,316,1);
BTset(1305,316,1);
BTset(1306,316,1);
BTset(1307,316,1);
BTset(1308,316,1);
BTset(1309,316,1);
BTset(1310,316,1);
BTset(1311,316,1);
BTset(1312,316,80);
BTset(1313,316,91);
BTset(1314,316,108);
BTset(1315,316,108);
BTset(1316,316,108);
BTset(1317,316,90);
BTset(1318,316,82);
BTset(1319,316,1);
BTset(1320,316,1);
BTset(1321,316,1);
BTset(1322,316,1);
BTset(1323,316,1);
BTset(1324,316,1);
BTset(1325,316,1);
BTset(1326,316,1);
BTset(1327,316,1);
BTset(1328,316,1);
BTset(1329,316,1);
BTset(1330,316,146);
BTset(1331,316,144);
BTset(1332,316,144);
BTset(1333,316,144);
BTset(1334,316,146);
BTset(1335,316,144);
BTset(1336,316,144);
BTset(1337,316,144);
BTset(1338,316,144);
BTset(1339,316,144);
BTset(1340,316,152);
BTset(1341,316,1);
BTset(1342,316,1);
BTset(1343,316,1);
BTset(1344,316,73);
BTset(1345,316,1);
BTset(1346,316,1);
BTset(1347,316,73);
BTset(1348,316,83);
BTset(1349,316,89);
BTset(1350,316,108);
BTset(1280,317,1);
BTset(1281,317,78);
BTset(1282,317,86);
BTset(1283,317,108);
BTset(1284,317,90);
BTset(1285,317,82);
BTset(1286,317,66);
BTset(1287,317,67);
BTset(1288,317,1);
BTset(1289,317,1);
BTset(1290,317,1);
BTset(1291,317,145);
BTset(1292,317,213);
BTset(1293,317,215);
BTset(1294,317,215);
BTset(1295,317,215);
BTset(1296,317,213);
BTset(1297,317,213);
BTset(1298,317,213);
BTset(1299,317,215);
BTset(1300,317,215);
BTset(1301,317,215);
BTset(1302,317,213);
BTset(1303,317,145);
BTset(1304,317,1);
BTset(1305,317,1);
BTset(1306,317,53);
BTset(1307,317,55);
BTset(1308,317,1);
BTset(1309,317,1);
BTset(1310,317,1);
BTset(1311,317,1);
BTset(1312,317,86);
BTset(1313,317,108);
BTset(1314,317,108);
BTset(1315,317,108);
BTset(1316,317,108);
BTset(1317,317,108);
BTset(1318,317,87);
BTset(1319,317,1);
BTset(1320,317,1);
BTset(1321,317,1);
BTset(1322,317,53);
BTset(1323,317,55);
BTset(1324,317,1);
BTset(1325,317,1);
BTset(1326,317,1);
BTset(1327,317,1);
BTset(1328,317,1);
BTset(1329,317,1);
BTset(1330,317,145);
BTset(1331,317,215);
BTset(1332,317,215);
BTset(1333,317,215);
BTset(1334,317,145);
BTset(1335,317,215);
BTset(1336,317,215);
BTset(1337,317,215);
BTset(1338,317,215);
BTset(1339,317,215);
BTset(1340,317,145);
BTset(1341,317,1);
BTset(1342,317,1);
BTset(1343,317,1);
BTset(1344,317,74);
BTset(1345,317,1);
BTset(1346,317,1);
BTset(1347,317,73);
BTset(1348,317,78);
BTset(1349,317,86);
BTset(1350,317,108);
BTset(1280,318,96);
BTset(1281,318,98);
BTset(1282,318,86);
BTset(1283,318,108);
BTset(1284,318,108);
BTset(1285,318,87);
BTset(1286,318,78);
BTset(1287,318,71);
BTset(1288,318,1);
BTset(1289,318,1);
BTset(1290,318,1);
BTset(1291,318,145);
BTset(1292,318,213);
BTset(1293,318,215);
BTset(1294,318,215);
BTset(1295,318,215);
BTset(1296,318,214);
BTset(1297,318,213);
BTset(1298,318,214);
BTset(1299,318,215);
BTset(1300,318,215);
BTset(1301,318,215);
BTset(1302,318,213);
BTset(1303,318,145);
BTset(1304,318,1);
BTset(1305,318,1);
BTset(1306,318,52);
BTset(1307,318,1);
BTset(1308,318,1);
BTset(1309,318,1);
BTset(1310,318,1);
BTset(1311,318,1);
BTset(1312,318,86);
BTset(1313,318,108);
BTset(1314,318,108);
BTset(1315,318,108);
BTset(1316,318,108);
BTset(1317,318,108);
BTset(1318,318,87);
BTset(1319,318,1);
BTset(1320,318,1);
BTset(1321,318,1);
BTset(1322,318,52);
BTset(1323,318,1);
BTset(1324,318,1);
BTset(1325,318,1);
BTset(1326,318,1);
BTset(1327,318,1);
BTset(1328,318,1);
BTset(1329,318,1);
BTset(1330,318,145);
BTset(1331,318,215);
BTset(1332,318,215);
BTset(1333,318,215);
BTset(1334,318,145);
BTset(1335,318,215);
BTset(1336,318,215);
BTset(1337,318,215);
BTset(1338,318,215);
BTset(1339,318,215);
BTset(1340,318,145);
BTset(1341,318,1);
BTset(1342,318,1);
BTset(1343,318,1);
BTset(1344,318,1);
BTset(1345,318,73);
BTset(1346,318,1);
BTset(1347,318,74);
BTset(1348,318,94);
BTset(1349,318,86);
BTset(1350,318,108);
BTset(393,337,178);
BTset(394,337,176);
BTset(395,337,176);
BTset(396,337,178);
BTset(397,337,176);
BTset(398,337,184);
BTset(392,338,178);
BTset(393,338,181);
BTset(394,338,208);
BTset(395,338,208);
BTset(396,338,208);
BTset(397,338,208);
BTset(398,338,177);
BTset(392,339,177);
BTset(393,339,208);
BTset(394,339,208);
BTset(395,339,208);
BTset(396,339,208);
BTset(397,339,208);
BTset(398,339,177);
BTset(392,340,177);
BTset(393,340,208);
BTset(394,340,208);
BTset(395,340,208);
BTset(396,340,177);
BTset(397,340,208);
BTset(398,340,177);
BTset(392,341,205);
BTset(393,341,208);
BTset(394,341,208);
BTset(395,341,208);
BTset(396,341,180);
BTset(397,341,178);
BTset(398,341,181);
BTset(392,342,177);
BTset(393,342,208);
BTset(394,342,208);
BTset(395,342,208);
BTset(396,342,208);
BTset(397,342,177);
BTset(392,343,185);
BTset(393,343,208);
BTset(394,343,208);
BTset(395,343,176);
BTset(396,343,176);
BTset(397,343,181);
BTset(393,344,86);
BTset(394,344,111);
BTset(395,344,87);
BTset(393,345,86);
BTset(394,345,108);
BTset(395,345,87);
BTset(393,346,91);
BTset(394,346,111);
BTset(395,346,90);
BTset(393,347,111);
BTset(394,347,111);
BTset(395,347,108);
BTset(266,352,162);
BTset(267,352,160);
BTset(268,352,200);
BTset(269,352,201);
BTset(270,352,160);
BTset(271,352,168);
BTset(266,353,161);
BTset(267,353,208);
BTset(268,353,208);
BTset(269,353,208);
BTset(270,353,208);
BTset(271,353,173);
BTset(272,353,168);
BTset(266,354,162);
BTset(267,354,160);
BTset(268,354,172);
BTset(269,354,208);
BTset(270,354,208);
BTset(271,354,208);
BTset(272,354,161);
BTset(266,355,161);
BTset(267,355,208);
BTset(268,355,208);
BTset(269,355,208);
BTset(270,355,208);
BTset(271,355,208);
BTset(266,356,161);
BTset(267,356,208);
BTset(268,356,208);
BTset(269,356,208);
BTset(270,356,208);
BTset(271,356,208);
BTset(266,357,161);
BTset(267,357,208);
BTset(268,357,161);
BTset(269,357,208);
BTset(270,357,208);
BTset(271,357,162);
BTset(272,357,165);
BTset(266,358,169);
BTset(267,358,160);
BTset(268,358,160);
BTset(269,358,200);
BTset(270,358,201);
BTset(271,358,165);
